100 200

9 5 10 7 6 6 8 8 10 6 7 10 8 9 9 9 6 8 9 6 10 7 7 10 9 9 5 7 10 10 9 5 8 6 10 5 6 5 9 8 8 7 8 8 5 7 6 10 6 8 5 10 6 10 8 8 7 8 9 8 8 8 6 8 10 6 10 6 6 5 7 9 5 5 5 10 10 8 10 10 10 9 6 7 10 6 10 5 5 5 7 7 5 7 9 5 10 5 8 8 

3 4 5 3 3 4 3 4 3 4 3 4 3 4 2 2 4 3 4 4 5 3 4 3 2 4 3 4 4 4 2 3 3 3 3 2 3 4 4 3 3 4 4 3 3 3 5 4 2 3 3 2 3 4 3 4 3 4 3 4 2 3 4 4 3 3 3 4 4 2 3 3 4 4 4 3 3 3 4 4 4 4 4 4 3 5 3 4 3 4 4 3 4 4 2 4 4 2 2 4 3 4 4 3 2 3 3 4 3 4 4 4 4 3 4 4 4 4 2 4 2 4 3 3 4 5 4 4 4 4 2 3 4 4 3 4 4 4 5 2 3 4 4 4 4 4 3 3 3 4 3 3 3 3 4 3 4 4 5 3 3 4 4 3 4 3 4 3 4 3 4 3 3 3 3 3 4 3 3 3 4 3 3 3 3 4 4 3 3 2 5 4 2 3 4 3 4 5 4 4 

0 0 3 3 3 5 0 2 3 4 0 3 0 2 2 3 3 0 0 3 2 0 4 0 3 5 0 2 0 2 2 2 4 3 0 5 5 2 5 5 0 0 5 0 3 3 0 0 3 4 0 0 3 0 3 3 0 0 0 5 4 0 0 2 5 3 0 4 0 5 4 3 0 5 3 0 5 2 5 2 3 2 0 0 5 5 4 0 3 4 0 0 0 0 0 5 5 0 4 3 5 5 0 3 0 2 2 5 2 3 2 3 5 5 2 0 0 0 0 0 0 2 0 0 2 0 0 0 2 4 0 3 0 2 0 5 0 3 0 3 0 0 0 0 2 0 4 0 0 0 0 0 3 0 0 0 2 4 0 0 0 0 0 0 0 2 0 5 0 5 3 0 0 0 0 4 0 0 2 3 0 0 0 0 3 2 3 5 0 0 2 5 0 4 0 4 2 5 4 3 
4 4 4 0 3 0 3 0 0 0 0 0 0 5 0 3 4 5 3 2 3 0 2 3 0 0 0 0 5 0 0 3 5 4 2 2 0 0 0 0 5 0 0 2 0 0 0 2 3 0 5 3 0 0 5 0 5 0 2 3 0 0 0 4 2 0 0 2 0 0 0 2 2 0 0 0 0 3 2 2 0 2 0 3 5 5 0 2 0 0 0 0 0 0 0 3 3 0 0 0 0 0 3 5 0 5 3 0 0 2 0 3 0 5 0 2 0 5 5 3 4 0 0 0 0 2 0 3 4 2 2 0 3 3 0 2 3 0 0 2 3 5 3 0 0 0 4 4 0 0 3 2 4 3 2 3 4 0 0 0 3 5 0 2 0 0 0 3 0 4 0 0 5 0 4 4 0 3 0 3 2 4 5 0 5 3 2 0 0 3 5 3 3 0 2 4 0 4 4 3 
0 3 0 4 4 0 0 4 3 0 2 0 2 0 0 0 3 3 5 3 4 0 2 3 0 0 5 3 3 3 0 0 0 0 2 0 5 0 3 0 2 5 0 5 0 2 2 0 5 0 0 0 0 0 0 0 4 0 4 0 2 0 4 0 4 0 3 0 0 3 0 4 0 0 4 0 0 0 0 0 0 5 5 5 0 0 3 3 5 2 0 4 4 4 0 0 0 0 2 0 4 4 5 0 0 3 0 0 4 0 4 5 4 0 0 0 0 0 5 2 3 0 4 5 0 0 4 5 0 0 0 0 5 3 0 0 2 4 2 0 0 0 5 0 3 3 0 0 0 0 0 5 0 4 5 4 0 4 4 0 2 4 0 0 5 0 5 0 5 4 2 3 0 2 0 4 3 5 0 0 0 0 2 0 0 0 0 4 0 5 5 5 0 4 3 0 5 0 5 0 
0 0 2 5 3 2 0 0 0 0 0 0 4 0 0 0 0 4 5 5 5 0 0 5 5 0 0 3 3 5 0 0 0 2 2 3 2 0 0 2 0 3 0 0 0 2 0 4 4 0 3 4 4 5 0 0 2 0 4 0 2 4 5 0 0 0 0 0 0 5 4 0 4 4 0 5 0 0 0 0 0 0 0 5 0 5 0 2 3 0 0 0 2 0 0 3 0 0 2 0 0 0 4 0 0 3 0 3 2 3 0 3 4 0 0 5 2 4 0 0 0 0 0 5 0 0 3 2 2 0 3 0 5 0 0 0 5 0 0 0 0 5 3 0 3 0 5 5 0 0 0 0 0 0 3 5 0 2 0 5 0 2 0 0 5 2 5 0 5 3 5 0 4 0 0 4 0 5 0 0 0 5 0 5 2 5 0 4 3 3 2 4 5 5 3 0 0 3 4 0 
4 0 0 4 4 3 0 5 2 0 0 2 0 0 0 5 0 0 4 3 2 0 0 5 0 5 4 0 0 5 0 0 0 4 0 2 0 0 5 0 5 0 0 3 2 5 3 2 0 2 5 5 0 2 5 0 2 0 5 5 0 4 2 3 0 0 0 0 3 0 0 0 0 3 4 0 0 0 2 0 0 2 4 2 5 5 0 0 0 3 2 3 3 0 0 0 0 0 0 3 0 3 5 0 5 2 0 3 2 0 4 3 0 4 5 3 0 0 5 0 0 4 0 2 2 5 5 0 2 0 0 0 4 0 5 0 0 2 4 5 5 0 0 3 0 0 3 4 2 4 0 0 2 5 3 0 4 4 0 4 3 2 0 0 5 0 0 0 0 0 0 0 0 0 0 0 3 2 2 0 3 0 0 3 0 3 0 2 0 0 0 4 0 3 3 0 5 0 0 0 
0 5 0 0 5 0 2 0 2 2 0 3 0 0 2 3 5 0 4 0 5 3 3 3 0 4 2 0 2 0 0 3 0 2 0 0 4 0 0 3 0 3 3 0 2 0 2 0 0 5 0 5 4 0 2 0 0 4 2 0 4 5 5 0 3 0 5 0 0 4 0 0 2 0 0 0 4 2 3 5 0 2 2 0 0 0 0 3 5 3 0 5 2 0 3 0 0 0 3 3 0 5 0 0 0 0 3 0 3 0 4 3 2 0 2 2 2 0 0 4 5 2 4 0 0 0 0 5 2 3 3 0 2 3 2 4 0 2 0 0 3 0 4 0 0 0 3 0 2 4 0 5 4 0 5 5 0 2 3 0 0 4 5 5 0 0 0 0 0 3 0 2 2 4 0 4 2 0 3 0 2 0 4 2 0 0 0 0 0 0 2 3 2 0 2 5 5 0 3 0 
2 0 0 0 0 3 0 0 5 3 0 3 2 2 3 0 0 2 0 0 2 0 0 0 3 3 0 0 2 0 0 2 2 3 3 0 5 2 0 0 2 2 5 0 0 0 3 4 2 5 4 0 0 0 3 0 5 0 5 3 0 5 0 0 2 0 4 3 5 0 0 0 0 4 5 0 0 0 0 5 5 0 0 0 0 5 4 4 0 0 5 0 0 0 0 4 3 0 5 0 0 0 3 0 3 0 0 2 0 0 5 2 0 2 0 3 5 0 5 0 4 0 2 0 2 0 2 3 2 3 5 5 0 5 2 2 0 2 0 0 3 0 0 0 2 0 4 4 0 3 4 0 0 0 2 3 4 0 4 0 0 0 0 4 0 5 5 0 0 0 3 2 4 0 0 0 2 0 0 0 0 4 0 0 0 0 2 0 0 5 2 4 3 0 0 0 0 0 4 2 
0 5 3 3 4 0 4 2 0 4 0 0 4 0 0 0 0 0 2 0 0 5 0 0 2 0 0 0 0 2 4 3 5 0 0 4 3 2 0 0 0 2 0 5 0 0 0 4 0 0 5 3 4 5 0 5 5 2 3 5 0 2 0 5 2 0 0 4 2 0 4 0 4 4 0 2 4 4 3 3 5 0 0 0 0 0 0 0 3 0 5 0 4 3 5 0 0 0 0 0 2 3 4 0 4 5 2 0 2 0 4 0 2 0 2 0 0 4 0 0 0 0 4 3 5 0 0 5 4 0 0 2 5 2 0 0 0 5 0 4 0 4 3 0 5 3 0 4 2 0 4 0 0 0 0 3 0 3 0 0 4 4 4 0 0 0 4 0 0 5 4 2 3 0 4 0 2 5 4 0 3 0 0 0 0 5 0 2 0 0 0 2 4 0 5 0 3 3 0 0 
0 0 5 0 0 4 0 0 5 0 0 0 0 5 4 2 0 0 2 0 0 4 0 0 0 2 3 0 5 2 0 4 0 4 0 5 2 3 0 4 2 3 2 5 0 0 4 5 0 0 4 3 0 0 0 0 5 0 0 0 0 0 2 3 0 0 0 0 0 0 0 0 0 3 0 4 0 0 4 0 0 0 0 0 5 0 0 3 0 0 3 0 0 0 0 5 0 5 3 3 2 5 0 0 0 0 0 4 2 2 0 2 0 4 5 0 3 0 5 3 0 5 0 3 3 0 0 2 3 3 4 4 4 0 3 2 3 3 5 4 2 5 0 4 5 2 0 0 0 4 0 0 2 2 0 4 0 2 4 2 2 3 3 5 2 2 0 0 0 2 0 0 5 5 3 0 0 0 3 0 4 4 0 0 0 3 5 0 2 2 0 4 2 0 0 0 0 3 4 5 
0 4 2 4 4 0 5 0 0 0 4 0 0 4 0 5 5 5 4 0 2 0 3 0 3 3 2 0 3 0 4 0 0 0 0 0 5 0 0 4 5 0 0 2 2 0 5 4 0 2 4 5 4 0 4 5 0 0 0 0 4 0 2 0 0 5 0 4 0 5 0 4 0 4 0 0 5 0 4 2 0 3 0 4 4 5 2 0 5 0 2 5 0 4 0 5 3 2 0 0 5 0 2 0 0 0 3 0 4 0 0 5 0 0 3 5 0 2 0 0 4 0 4 3 0 3 0 0 2 0 0 0 5 0 4 0 5 2 5 0 2 0 0 5 0 2 3 0 3 0 0 0 5 0 0 5 2 0 3 0 0 3 4 0 4 2 4 3 0 0 4 2 0 0 0 3 2 4 5 5 0 4 0 0 0 0 2 2 0 3 0 2 0 4 0 0 2 2 0 0 
0 2 4 0 3 5 0 0 5 4 5 5 0 0 2 0 5 3 3 4 3 0 3 0 5 4 0 4 0 4 3 0 4 0 0 5 5 0 0 2 0 0 4 0 0 0 5 0 2 3 0 3 5 4 4 2 0 3 0 2 4 0 0 0 2 0 0 0 2 5 5 3 3 3 0 0 3 0 0 2 4 0 3 0 0 4 0 2 5 3 2 2 4 0 3 4 5 3 0 2 0 5 5 0 0 2 0 5 0 4 0 0 0 0 0 0 4 0 2 0 5 0 0 0 5 0 0 2 4 0 0 0 2 0 3 3 0 0 0 2 0 4 2 5 0 0 0 2 0 0 4 4 0 0 0 4 0 0 0 0 5 5 5 5 2 0 5 4 2 0 3 0 3 0 0 0 3 5 4 0 5 0 5 5 0 4 3 0 0 0 0 5 0 3 0 4 3 0 0 5 
4 3 5 0 2 5 3 2 0 2 5 2 3 0 0 0 0 0 0 5 0 0 5 4 0 5 3 0 5 0 0 0 0 5 3 0 3 0 5 0 4 2 2 5 0 5 3 4 2 0 0 0 0 5 4 0 2 0 2 0 2 4 3 0 0 5 3 0 4 0 2 3 3 5 3 0 0 3 3 3 2 0 3 0 4 5 0 0 0 0 0 0 0 4 3 0 3 0 4 4 0 0 2 0 4 0 4 2 0 0 0 3 0 0 5 0 0 3 3 4 0 0 5 0 2 4 0 5 4 5 0 2 4 0 0 4 3 0 0 4 2 0 2 0 0 0 3 0 0 0 2 4 3 5 0 0 3 3 0 0 0 2 3 0 0 0 0 4 3 4 0 5 5 0 0 3 0 5 0 0 0 0 0 0 0 2 0 0 4 2 5 4 0 2 5 0 5 0 0 4 
3 3 5 4 0 4 2 2 0 0 0 2 0 0 0 0 4 0 0 0 0 5 2 3 3 5 4 4 0 0 3 3 0 4 5 0 0 4 0 0 5 0 5 0 0 5 0 2 2 0 0 0 0 4 0 4 0 0 4 2 0 2 2 4 0 0 0 0 0 2 3 0 4 0 4 4 0 0 0 0 0 3 5 2 3 4 4 0 0 3 2 0 0 4 3 0 0 2 4 0 4 3 0 2 5 2 3 3 0 5 0 2 0 4 0 0 3 4 3 0 0 0 0 4 0 2 4 2 2 2 5 0 0 5 0 0 0 3 0 3 4 5 3 3 0 0 4 5 3 4 5 0 3 3 0 3 0 5 3 4 3 0 2 5 5 0 0 0 3 0 2 0 5 4 0 0 2 2 0 0 2 5 4 4 2 2 3 5 0 0 0 4 0 3 0 0 5 4 2 5 
5 0 4 5 3 3 3 5 5 0 2 0 3 0 4 5 5 5 0 0 5 0 4 4 5 4 0 0 4 0 0 0 0 3 0 0 3 0 0 3 0 2 2 0 5 0 5 0 2 0 2 0 0 0 5 2 0 5 0 2 0 3 3 2 0 5 5 5 5 0 5 5 0 4 4 0 0 4 5 2 0 2 2 2 3 0 3 0 0 5 5 0 4 2 0 2 3 2 0 2 3 5 0 4 3 0 2 0 0 0 0 2 0 0 0 2 0 2 5 2 0 0 4 2 4 0 0 2 0 0 0 0 0 0 0 0 5 0 0 0 0 0 0 0 2 0 5 0 2 0 0 5 0 0 4 3 2 4 0 4 5 0 0 0 0 0 2 0 3 0 3 0 0 5 0 2 4 5 0 5 0 3 0 4 0 4 0 0 0 0 0 0 0 0 0 2 0 0 0 5 
0 2 0 2 0 0 2 3 0 4 3 0 0 0 3 3 0 0 0 4 0 4 0 3 4 0 0 3 4 4 0 0 0 2 0 5 0 3 4 0 0 0 5 0 3 0 4 3 4 0 0 3 5 0 5 4 0 5 5 0 4 3 0 0 3 2 0 3 0 0 0 3 5 2 0 0 0 2 0 3 0 3 0 5 0 2 5 3 0 2 0 2 0 0 0 0 4 0 4 0 0 0 3 0 2 0 2 4 2 0 0 2 0 0 2 2 0 0 5 5 4 2 4 5 0 5 0 5 3 5 3 2 2 0 0 4 0 2 4 5 0 4 5 4 4 0 4 0 0 3 0 0 3 3 4 0 4 5 0 0 0 2 0 2 2 0 0 0 0 3 0 4 0 5 0 3 0 3 0 4 3 4 0 0 2 0 5 5 0 0 0 5 5 0 0 3 4 0 3 4 
0 0 0 4 0 0 2 0 0 4 4 0 0 0 0 5 0 3 3 5 5 5 0 2 0 3 0 3 0 0 0 3 2 3 2 0 3 5 0 5 0 5 2 2 3 0 3 0 5 2 0 0 0 4 0 0 0 0 3 0 5 0 5 0 3 5 0 2 0 0 0 0 5 4 0 4 0 0 0 2 0 0 0 3 5 0 0 0 2 0 0 3 4 2 3 0 0 0 4 4 0 5 3 0 2 3 5 2 0 3 5 4 0 0 5 0 0 0 4 2 5 4 3 5 5 4 0 0 4 0 0 5 2 2 0 0 3 0 4 0 0 3 0 0 5 0 0 0 5 4 3 2 3 5 4 4 0 4 0 4 0 0 2 5 0 4 0 5 0 2 4 0 0 4 0 0 4 0 2 0 0 0 5 0 0 0 3 4 0 3 5 5 0 0 0 0 2 4 5 4 
0 0 0 3 0 0 0 0 2 4 0 0 2 2 4 0 3 3 3 2 2 0 0 2 0 2 0 2 0 0 0 0 0 0 5 4 3 0 3 4 0 4 3 3 3 4 2 0 0 0 4 4 0 0 2 3 4 0 0 0 4 0 0 5 0 5 4 0 4 0 0 0 2 5 0 5 0 4 3 2 0 0 0 5 4 2 0 2 0 0 0 0 0 5 0 3 0 0 3 2 4 0 4 0 2 3 0 5 0 0 0 0 3 0 0 0 0 3 0 4 0 0 5 0 5 5 5 3 0 4 0 0 0 0 4 2 4 3 0 0 0 5 2 0 4 0 0 3 0 0 5 5 3 3 0 2 0 0 0 0 0 4 3 0 5 2 4 0 0 4 0 2 2 0 0 4 0 5 3 0 0 0 5 0 5 2 3 5 0 0 4 5 0 0 0 0 5 0 3 0 
3 0 3 0 0 0 5 0 0 0 4 5 0 0 4 5 3 2 0 0 2 4 0 0 4 3 2 0 0 2 0 0 2 0 3 2 3 0 0 4 5 0 0 0 0 0 0 3 4 5 0 0 0 5 3 0 0 2 5 0 0 2 0 3 2 0 0 4 0 3 2 0 0 4 2 0 0 0 3 0 2 2 4 0 0 0 3 2 4 0 0 0 0 0 0 0 0 0 3 4 4 0 0 0 0 5 2 0 0 4 3 0 0 5 0 0 0 0 0 2 3 0 0 0 4 0 0 4 2 0 4 0 0 4 0 0 0 0 2 0 0 4 0 0 3 2 3 0 0 3 0 0 2 4 2 0 4 0 0 0 2 0 0 3 2 5 0 0 0 0 0 0 4 0 5 4 0 2 0 0 5 3 0 0 0 0 2 5 0 0 0 3 0 5 4 0 2 0 0 5 
0 2 4 4 3 4 4 5 5 0 3 4 4 2 4 0 0 2 5 0 3 0 0 0 4 4 2 2 0 0 0 4 2 5 0 0 5 2 0 0 0 0 3 5 5 0 2 5 2 2 5 5 0 3 0 0 5 0 5 0 4 2 0 0 0 3 3 0 0 5 0 5 2 0 0 0 3 0 2 3 0 4 3 0 2 0 0 0 5 5 2 4 0 0 5 0 0 5 0 0 0 2 5 0 5 4 0 5 0 3 5 0 4 0 5 3 0 0 4 5 0 3 0 0 4 0 0 0 4 0 0 0 0 5 0 0 0 0 4 2 4 4 5 3 5 2 3 0 3 0 0 2 0 0 4 0 0 0 5 2 3 0 4 5 0 0 0 4 5 0 0 0 5 0 4 0 0 4 0 0 3 0 0 0 4 2 3 0 0 5 0 2 0 0 5 0 0 5 0 4 
5 0 0 2 0 4 0 4 0 0 5 4 2 3 0 3 3 4 0 0 3 2 5 0 2 0 0 5 0 0 0 0 5 2 0 5 4 2 2 0 0 5 0 5 0 0 3 5 0 5 0 0 2 0 0 0 2 5 4 2 0 0 0 0 5 0 0 2 0 5 0 2 0 3 3 0 0 0 0 0 0 0 3 2 3 0 0 2 0 0 5 0 2 0 0 4 3 4 4 0 4 0 2 3 0 0 0 0 0 0 0 0 3 4 0 4 4 3 0 0 5 0 0 4 0 4 0 0 0 0 0 3 0 0 5 0 5 0 2 3 3 5 0 5 0 0 0 0 0 5 2 5 2 0 2 0 3 4 2 0 2 0 0 0 0 5 0 2 3 3 5 0 0 0 3 2 2 0 4 0 3 3 3 3 0 2 0 3 0 0 4 5 0 2 0 5 5 3 4 0 
0 0 4 5 3 0 0 4 2 5 0 0 0 3 0 0 3 3 5 5 2 4 0 0 0 0 3 5 0 4 4 0 3 0 5 0 2 3 3 0 3 4 0 0 0 4 2 3 0 0 0 2 3 2 5 4 0 3 0 2 3 0 0 0 0 0 0 2 5 0 3 0 2 0 0 4 0 0 0 0 2 4 2 0 4 0 3 0 0 2 5 4 0 5 0 4 2 5 0 0 5 4 4 0 0 3 5 0 3 0 0 0 3 0 0 0 0 3 5 3 0 5 0 0 3 3 2 5 2 3 5 4 0 0 0 3 0 2 0 0 0 2 0 5 4 0 2 4 3 5 5 2 2 0 0 3 0 4 3 3 2 0 0 0 5 5 0 4 0 0 2 5 2 0 0 0 4 4 5 0 0 0 0 0 0 0 2 0 3 5 3 0 0 0 4 4 2 0 0 0 
0 5 4 0 4 0 3 0 0 2 4 0 4 4 0 0 3 0 0 0 3 0 4 0 5 5 5 2 5 0 0 2 3 4 5 0 5 0 4 0 5 3 0 2 0 0 2 0 5 4 4 5 5 2 0 3 2 4 5 0 0 0 5 0 5 0 0 0 4 5 4 0 0 0 0 0 0 0 2 0 3 3 2 3 4 5 0 3 0 5 4 3 3 3 0 5 0 3 5 0 0 4 0 0 5 5 4 0 3 4 0 2 3 0 4 5 0 2 0 2 0 0 0 2 0 0 5 2 0 0 3 0 4 5 3 4 2 2 0 2 2 5 0 3 0 5 3 4 5 0 0 2 0 3 5 4 0 0 0 0 2 0 4 2 5 4 5 5 0 0 0 5 0 0 5 3 0 5 5 2 0 0 0 4 2 0 0 0 5 0 4 0 5 0 4 0 4 0 4 5 
0 2 4 0 5 4 0 4 0 0 0 0 0 0 2 0 3 0 5 0 5 3 0 0 0 0 0 0 0 4 4 5 0 0 2 5 2 0 0 5 0 0 4 0 0 0 2 4 0 3 0 4 0 0 0 0 3 0 0 0 0 0 0 0 5 0 4 5 3 5 0 3 0 5 4 2 4 0 3 2 0 0 4 0 0 0 5 3 0 0 0 0 0 4 0 0 0 5 5 0 0 0 4 5 0 2 0 3 3 4 0 0 0 0 0 0 0 0 0 3 5 0 0 0 5 0 2 2 3 0 4 4 5 5 4 5 0 0 0 3 0 4 2 0 0 2 4 0 0 3 2 4 4 0 0 0 0 2 0 3 0 0 4 3 4 0 3 5 0 4 0 0 0 0 2 0 0 4 2 0 0 4 3 0 5 4 2 0 4 2 0 0 0 0 0 0 2 2 0 0 
0 0 0 3 0 4 0 0 5 0 5 2 0 5 4 5 0 3 3 0 0 3 0 0 2 3 0 0 0 0 0 0 0 0 2 3 2 0 4 2 2 4 4 0 5 3 0 0 4 0 0 5 3 5 2 2 0 0 0 0 0 3 4 5 0 5 0 4 2 0 0 0 4 0 0 0 3 2 0 0 0 0 2 0 0 0 5 0 4 0 2 0 0 4 2 0 4 0 0 0 0 3 3 2 0 0 0 0 0 0 2 4 0 0 3 0 2 0 3 3 0 0 3 2 2 0 2 2 4 5 0 0 4 0 2 5 0 0 0 0 4 0 0 4 5 0 4 4 0 2 0 3 2 5 2 3 3 0 0 4 0 2 0 0 0 0 0 5 4 4 0 0 0 0 0 2 0 0 5 5 5 2 0 0 2 0 3 2 0 3 5 0 0 4 5 0 2 2 0 4 
0 3 4 0 2 5 0 0 0 0 5 2 3 0 0 3 0 0 4 3 0 4 0 0 0 0 0 3 0 2 3 2 2 5 0 0 2 3 0 0 0 4 0 0 4 3 0 2 0 4 3 3 2 3 0 0 0 0 2 3 4 4 2 3 4 0 2 2 3 2 4 0 3 2 5 4 0 0 0 0 3 3 0 4 0 0 0 0 3 0 4 0 0 4 3 4 0 0 0 0 3 0 5 5 3 5 5 0 0 3 2 4 3 0 0 0 5 0 5 5 0 0 2 2 0 0 5 0 4 2 0 0 0 0 0 0 3 0 0 0 4 2 0 5 4 5 3 2 5 5 0 0 0 0 0 0 0 0 0 0 4 0 2 2 4 0 0 0 4 0 0 4 5 3 4 5 2 2 0 0 0 0 2 0 0 0 0 0 5 4 5 0 5 0 3 5 5 3 4 0 
0 0 0 0 0 5 0 3 0 2 5 3 0 0 0 3 0 5 2 0 0 5 2 0 3 4 5 3 0 0 3 3 2 3 0 0 4 3 0 3 0 3 4 3 0 4 5 0 0 0 0 0 2 4 0 5 2 0 0 4 4 4 0 0 2 5 2 0 2 5 0 0 0 3 5 0 2 0 0 2 0 2 3 3 4 0 0 3 4 4 0 5 0 3 0 0 4 4 0 3 5 5 0 5 0 3 5 5 0 0 0 4 4 2 0 0 5 4 0 4 3 4 0 2 5 0 0 3 5 0 0 0 0 0 0 4 4 0 0 0 0 0 4 0 4 5 3 5 0 5 0 0 0 0 2 3 0 0 0 2 0 5 0 2 2 2 4 0 3 5 4 2 0 5 2 0 3 2 2 2 0 3 0 0 5 5 3 4 4 0 3 3 0 4 2 3 2 0 5 0 
5 0 0 0 2 5 0 5 4 0 0 0 4 5 2 0 0 3 5 2 4 0 2 5 5 0 0 4 0 0 2 4 5 4 3 0 0 3 4 4 0 3 5 0 4 5 5 3 0 3 0 4 5 0 4 0 0 0 4 5 0 0 4 0 0 5 5 5 0 4 0 0 0 2 4 3 2 0 2 0 0 3 0 0 4 0 5 0 3 0 0 0 2 0 0 0 5 5 4 0 4 2 0 0 0 0 0 3 0 0 5 0 3 3 0 3 0 3 2 4 0 0 5 5 0 3 0 0 0 0 0 0 0 0 0 0 0 0 2 0 2 2 0 4 0 5 0 0 3 3 0 0 2 0 5 0 0 0 0 0 2 0 0 0 4 0 0 0 3 3 0 0 0 2 3 0 5 5 0 4 3 0 5 0 0 3 2 0 2 4 3 2 0 0 0 0 0 0 2 3 
2 4 0 0 0 2 0 5 0 5 0 0 2 0 5 0 2 0 0 0 0 0 0 0 0 3 0 0 5 2 4 2 0 2 0 0 0 0 0 0 4 0 0 5 0 3 5 5 5 4 4 0 4 2 0 0 0 0 0 3 5 0 0 0 5 5 0 0 2 5 3 0 0 0 5 0 0 0 0 2 0 0 0 3 0 5 3 2 4 3 3 0 0 2 4 2 5 0 0 0 0 4 0 4 3 5 4 5 4 5 0 0 0 2 4 3 0 5 0 0 3 2 0 5 0 0 0 3 2 0 0 0 3 0 3 5 4 2 5 5 4 5 0 0 2 0 0 0 0 2 0 0 0 0 3 3 0 3 0 0 0 0 5 4 0 5 0 4 4 3 4 4 0 0 0 0 4 0 0 5 3 0 0 4 5 3 3 4 5 0 5 5 0 2 0 0 2 3 0 4 
4 0 0 0 0 0 2 4 3 2 4 2 3 5 4 0 2 0 4 3 0 0 0 5 0 5 0 0 0 4 2 5 0 0 0 2 3 2 4 0 0 2 0 5 2 0 0 0 0 3 2 0 4 4 5 0 0 3 0 0 0 0 0 4 0 0 0 5 0 0 2 2 4 0 0 0 3 0 4 0 0 3 0 2 0 0 0 0 0 0 4 5 5 5 2 4 5 2 0 0 0 0 3 5 4 3 3 0 3 0 3 0 0 4 2 5 0 4 5 0 0 3 2 2 5 3 0 2 2 0 5 0 4 0 4 5 4 2 0 0 0 0 0 5 5 0 4 3 0 4 3 0 0 2 0 0 4 0 3 5 0 4 0 4 2 3 5 2 2 0 0 0 0 5 2 5 0 4 2 0 2 0 4 0 0 0 5 3 5 0 0 0 3 0 0 2 0 0 0 0 
3 5 0 2 0 5 0 0 2 5 0 0 4 2 3 0 3 0 0 0 5 0 5 0 4 0 0 0 0 0 0 0 5 5 4 0 4 4 3 0 0 3 2 2 5 4 0 0 0 4 4 4 0 5 0 5 3 4 0 3 0 0 3 0 0 0 0 5 0 2 0 2 0 2 0 5 0 0 3 4 2 4 5 0 0 3 0 0 2 5 5 0 0 0 0 0 5 4 3 4 2 0 5 5 3 0 4 5 0 5 4 4 0 3 5 4 0 0 2 4 0 0 0 3 2 0 3 2 5 0 3 5 0 0 4 0 0 2 0 5 4 3 5 5 2 0 0 0 5 4 0 2 3 0 0 4 0 3 0 0 0 0 0 0 4 0 2 0 0 0 0 0 2 5 3 0 4 0 3 3 2 0 3 5 0 0 2 0 3 5 4 0 2 5 0 2 5 2 0 4 
4 5 4 5 0 5 0 3 0 5 5 2 0 3 0 3 2 3 3 2 0 3 5 5 0 3 0 3 0 5 3 4 0 4 4 2 2 5 0 4 4 0 2 0 0 4 3 5 4 5 0 5 4 0 4 5 0 0 0 0 0 2 5 0 0 0 5 0 0 0 0 5 0 5 3 0 4 0 0 0 4 2 0 3 0 0 4 2 0 0 0 0 4 3 0 4 0 5 3 3 0 0 0 3 0 0 0 0 2 3 3 0 4 0 5 0 0 3 2 0 3 0 0 3 0 5 5 0 4 0 0 0 0 5 0 2 2 0 4 0 5 5 0 2 0 0 4 0 0 0 3 0 0 0 0 5 0 0 4 2 0 0 4 0 0 0 0 5 0 0 2 3 0 0 4 0 5 0 0 5 0 0 5 2 4 0 5 0 0 4 0 0 2 0 0 4 0 5 4 3 
0 0 0 5 2 0 3 3 0 0 0 4 0 3 2 0 3 0 4 4 4 5 5 0 5 5 4 0 0 5 0 0 5 3 0 0 0 3 0 0 0 0 0 4 4 4 0 2 2 4 0 0 0 0 0 5 5 0 0 0 0 0 0 0 5 0 0 4 3 0 0 5 0 5 0 0 0 0 0 0 0 0 3 0 3 0 0 5 2 2 0 4 2 2 4 0 0 2 4 0 0 5 4 4 4 3 4 0 0 0 0 3 2 2 4 2 0 0 0 3 3 0 0 0 0 0 0 4 0 5 0 0 4 0 0 0 5 0 5 5 3 4 0 4 2 2 0 2 4 2 3 0 0 0 0 3 0 5 0 2 0 4 0 2 0 4 3 2 2 3 4 3 2 0 4 2 0 0 0 5 0 0 0 3 0 3 0 3 0 0 3 0 0 0 0 3 5 0 0 0 
0 0 5 0 0 3 5 2 5 2 0 5 3 0 0 0 0 3 2 3 2 2 2 0 3 4 0 0 0 5 3 0 3 0 4 0 2 0 2 0 4 0 0 0 0 2 0 2 0 0 0 4 3 0 3 0 2 4 0 3 0 2 0 3 4 0 0 0 0 5 3 0 0 5 0 0 5 3 2 0 0 0 0 0 2 0 4 3 3 2 0 0 0 2 0 0 4 0 0 0 0 4 2 5 4 0 0 4 0 0 5 0 3 3 3 0 3 0 2 4 3 0 2 0 2 0 0 5 0 0 4 4 4 3 0 2 0 0 5 0 5 0 3 5 0 0 0 2 3 0 0 5 2 4 0 0 4 0 4 5 3 2 2 4 0 0 0 0 2 0 3 3 0 2 0 0 0 4 0 2 3 4 5 0 0 3 3 0 0 2 2 0 3 3 0 0 0 0 0 3 
3 2 3 3 2 4 0 5 0 2 2 0 0 0 0 3 3 0 0 0 0 0 3 0 0 0 0 2 4 0 0 3 4 0 4 0 0 0 3 0 5 3 0 0 0 0 0 3 0 0 3 5 0 3 5 2 0 0 5 2 2 2 3 2 4 0 5 0 3 2 0 4 2 5 2 0 5 2 3 2 3 0 0 4 0 0 3 3 3 3 0 3 5 0 0 5 0 3 4 0 2 0 0 4 0 2 0 4 0 0 3 0 2 0 0 5 5 0 0 0 4 4 0 5 2 0 5 2 4 2 2 3 3 0 0 0 0 5 0 4 0 0 0 0 0 0 2 0 0 0 0 0 2 0 0 4 5 3 0 4 4 3 5 0 3 0 0 0 0 0 0 0 5 0 4 0 2 3 5 4 4 4 5 2 2 5 0 4 4 0 0 3 0 0 0 0 0 2 2 0 
3 3 3 3 5 0 4 3 4 4 4 5 5 2 0 0 0 3 0 0 5 2 4 3 0 3 0 0 0 0 2 0 0 0 5 4 0 0 0 0 0 0 4 0 0 0 5 3 2 5 5 0 0 5 4 2 4 0 0 0 2 4 0 5 4 0 0 0 3 0 4 0 0 4 0 0 0 4 2 0 0 4 3 3 2 0 5 0 0 0 0 0 3 0 0 5 4 2 4 3 0 5 2 0 3 2 5 0 4 0 0 0 0 3 2 0 0 4 0 0 3 0 3 3 3 0 4 5 0 0 0 3 3 5 5 4 4 2 5 3 2 2 2 0 5 3 0 0 2 4 0 5 0 0 0 0 4 5 0 0 0 0 0 3 5 0 0 0 2 0 3 0 0 5 2 0 0 0 0 5 0 0 3 0 4 0 5 2 3 0 0 0 0 0 2 0 0 3 2 0 
5 0 0 4 5 0 0 5 0 5 3 0 0 3 0 0 0 5 3 0 0 5 0 0 0 2 0 5 0 0 3 0 0 2 0 0 0 0 5 4 0 2 5 5 0 3 0 0 3 2 3 0 0 3 3 4 4 0 0 0 4 3 0 3 4 0 0 3 2 2 5 0 4 5 2 0 5 0 4 0 0 0 0 3 0 0 2 0 3 5 0 3 0 3 0 5 0 5 2 0 5 0 0 4 0 0 0 0 0 2 0 0 0 0 0 4 0 0 2 0 2 5 0 0 0 0 0 0 2 3 3 2 4 0 0 0 4 0 5 4 4 0 2 3 4 5 4 5 3 0 0 0 4 5 0 3 0 0 0 4 2 4 4 4 4 2 5 0 2 0 5 5 0 0 2 3 2 2 3 5 0 0 0 2 3 3 0 0 5 2 0 0 2 4 2 0 0 0 4 5 
3 0 0 0 4 0 5 5 2 0 2 0 4 3 0 0 0 4 0 2 0 5 5 0 3 3 0 0 0 0 0 0 0 0 5 0 5 3 5 0 0 0 5 0 3 0 0 4 4 0 0 0 0 2 0 3 0 0 3 5 0 2 0 0 0 0 0 0 4 4 0 2 0 4 0 0 5 0 2 2 0 2 4 5 4 0 4 0 0 0 5 3 4 0 5 3 2 0 0 4 5 3 0 0 5 0 0 5 0 5 0 5 0 0 5 5 0 5 0 3 3 0 0 2 5 0 5 4 0 0 0 0 0 4 3 0 0 2 5 3 0 3 4 0 0 0 0 0 0 0 0 3 0 4 2 0 4 0 0 3 5 0 5 0 5 2 3 5 2 0 5 2 0 0 0 2 0 0 0 0 0 5 4 2 3 4 3 0 3 2 4 0 0 0 0 2 2 5 5 0 
5 2 2 3 5 2 4 0 0 2 0 3 4 4 3 3 2 3 2 4 2 0 3 0 4 0 3 2 0 0 3 0 2 0 2 0 4 0 0 2 2 3 2 2 0 0 4 2 4 4 0 3 0 2 0 0 0 0 5 5 5 0 3 5 5 2 3 0 0 0 0 0 4 3 0 0 0 4 5 0 0 2 0 4 0 4 0 3 4 5 2 0 0 2 3 0 0 2 0 5 3 0 0 5 0 3 0 0 2 0 0 0 0 2 0 4 4 0 0 3 0 0 5 5 0 0 0 3 0 0 4 0 0 4 4 0 4 0 5 5 0 0 0 5 0 0 2 5 3 5 3 3 0 4 0 0 4 0 5 0 0 0 4 5 4 0 0 4 2 0 0 4 0 4 0 2 5 3 0 0 0 0 3 2 5 0 3 2 0 5 5 4 0 0 0 2 3 2 3 4 
2 0 5 0 4 0 3 0 3 4 0 0 4 5 3 3 4 2 3 0 2 5 0 0 2 0 2 0 0 4 0 2 0 0 4 4 4 0 4 4 2 5 0 4 0 5 3 0 2 0 3 2 3 0 4 0 3 0 0 0 0 0 0 3 0 3 0 0 0 2 0 0 4 0 0 0 0 2 0 0 0 0 4 0 4 3 4 2 0 0 2 0 2 0 3 0 0 3 5 3 0 2 0 0 0 0 2 4 0 5 2 3 0 0 2 0 0 5 5 0 5 0 0 0 3 2 0 4 4 3 0 0 2 0 0 4 3 0 0 4 0 0 0 2 0 0 5 0 0 5 5 2 0 5 5 0 0 0 2 3 0 2 0 0 0 0 0 2 5 3 0 5 2 4 3 5 0 0 2 5 2 3 2 0 0 0 4 4 0 3 0 0 3 0 4 0 2 5 0 4 
0 0 5 0 5 0 5 0 0 0 0 0 3 0 4 0 0 0 0 0 3 0 0 5 0 3 2 0 0 0 0 0 0 0 5 2 2 0 0 3 0 5 0 0 0 0 0 0 0 0 4 0 0 0 5 2 2 0 2 5 0 0 3 4 2 0 0 2 5 0 3 5 0 3 5 0 0 0 0 4 0 0 0 0 3 0 4 0 0 4 4 0 0 0 0 0 3 0 0 0 0 4 3 0 3 4 4 0 0 0 3 0 4 3 3 2 4 0 0 4 0 2 0 5 0 4 2 2 4 4 2 0 0 0 4 3 3 0 2 5 0 0 0 0 0 2 3 2 2 0 4 3 4 2 3 0 0 5 0 0 0 4 0 3 0 3 3 3 0 0 5 0 4 0 0 2 0 0 5 4 0 0 2 0 5 0 0 0 0 5 0 0 0 0 3 0 3 0 0 3 
0 0 0 3 0 3 3 0 0 0 5 0 5 0 3 3 0 0 0 0 5 3 0 5 0 0 3 4 0 5 5 0 0 0 0 0 4 0 0 3 0 5 0 0 0 5 3 3 5 5 0 0 0 0 2 4 5 0 2 0 3 5 0 0 2 0 5 5 0 0 5 5 3 2 3 0 0 2 0 4 0 4 3 5 0 0 3 0 3 0 0 0 5 3 0 3 0 4 4 2 3 4 0 5 0 0 3 0 5 0 0 2 0 0 0 0 2 4 4 0 4 3 4 0 0 2 2 4 4 0 0 0 2 2 2 4 0 0 5 0 0 0 0 0 5 4 0 2 0 0 3 0 4 4 0 2 0 0 0 0 0 0 4 0 0 0 2 5 0 0 0 3 0 2 4 0 0 3 2 0 0 0 5 2 3 0 3 5 0 5 3 2 2 2 0 0 0 5 3 3 
0 0 0 0 0 0 2 0 0 5 4 0 0 4 5 0 5 0 0 3 0 0 5 0 2 0 2 0 0 0 2 0 5 5 0 5 2 0 3 0 0 4 3 4 5 2 5 0 0 0 5 5 0 2 0 0 0 5 0 0 0 3 5 4 0 4 5 0 4 5 0 0 0 3 0 4 0 0 2 3 4 3 3 0 0 0 0 5 4 5 0 0 0 4 5 2 5 3 0 0 2 0 0 0 3 0 2 4 5 0 3 2 3 2 0 0 5 2 0 0 0 0 0 0 5 3 0 0 0 5 0 0 2 2 0 3 2 0 0 0 0 2 4 2 0 0 0 4 0 0 3 3 0 5 2 3 2 5 0 3 0 4 2 0 3 5 0 0 0 2 4 4 0 4 0 0 0 0 4 0 4 0 0 3 2 0 0 2 0 2 0 0 4 0 5 4 4 0 0 0 
4 0 5 3 0 5 0 2 0 0 0 0 5 3 2 0 0 4 0 0 5 2 4 2 4 0 0 3 0 0 3 4 3 0 2 3 4 0 0 4 2 5 5 3 5 2 3 0 0 2 0 2 0 0 0 3 5 3 5 3 0 2 0 2 0 4 0 5 5 4 0 0 0 0 4 0 4 3 0 0 0 0 0 4 0 5 2 0 2 0 3 2 3 0 5 0 0 2 4 5 5 0 0 3 0 3 0 0 3 0 0 4 0 5 4 4 0 0 4 0 3 4 3 3 0 2 0 0 0 4 4 0 3 4 0 0 3 4 4 0 2 0 0 0 2 2 4 0 5 0 0 3 0 0 4 4 2 0 4 0 0 2 0 0 4 2 0 0 0 0 4 0 0 0 0 2 5 0 0 0 4 2 0 4 2 2 0 0 0 0 4 5 2 3 0 0 5 0 4 5 
2 4 4 0 0 0 0 4 0 2 2 0 2 0 5 0 4 3 4 0 3 3 0 0 4 0 4 2 3 5 0 0 0 4 2 0 0 2 5 0 0 5 0 0 0 2 0 4 4 0 0 3 5 0 3 0 5 2 0 4 0 0 2 5 0 3 4 2 0 0 0 0 0 0 0 5 0 0 2 2 5 0 2 0 0 3 0 2 5 0 0 0 0 0 2 0 0 5 3 4 4 2 0 0 2 0 2 3 4 0 0 5 4 0 0 0 0 2 5 3 3 0 0 5 0 0 0 5 0 0 0 0 3 3 0 2 0 4 4 2 0 0 0 0 0 5 0 3 3 3 4 4 4 2 2 3 0 0 2 0 0 0 0 4 0 0 0 0 0 4 2 4 0 4 0 3 0 0 0 0 0 3 3 0 0 2 0 0 3 4 0 5 0 0 0 0 4 0 0 0 
0 3 0 3 4 0 3 4 5 0 5 4 0 4 4 0 0 0 0 2 0 0 0 0 2 0 2 2 2 0 0 3 0 4 0 0 3 2 3 2 0 5 0 4 4 0 4 0 4 2 2 3 2 2 5 0 5 0 0 0 4 0 5 0 0 0 0 0 5 5 5 0 3 4 0 2 0 3 0 0 3 0 0 0 0 0 4 5 0 0 0 5 0 0 0 0 4 3 3 3 0 2 2 2 0 0 4 2 3 0 0 2 4 0 0 0 0 0 2 4 0 4 0 0 0 0 3 4 0 4 3 0 0 2 0 5 0 2 0 0 0 4 0 0 0 0 5 0 0 0 0 4 2 5 4 3 0 2 3 0 0 2 3 4 5 0 0 0 0 0 0 0 5 4 0 0 0 0 5 2 4 5 5 0 5 0 3 4 0 4 4 0 0 3 3 4 4 0 2 4 
4 0 2 5 0 0 0 0 0 2 4 0 0 0 4 0 0 4 0 0 0 2 0 2 5 0 5 5 0 4 2 0 2 4 2 5 0 3 3 2 0 4 2 2 0 2 0 3 4 0 0 0 4 0 2 0 5 3 0 5 0 0 3 2 0 4 3 2 3 0 0 2 4 0 2 0 0 3 5 0 5 3 3 0 5 0 4 3 0 3 5 2 0 0 0 0 0 0 0 0 0 5 0 2 3 4 0 0 0 0 0 2 4 0 4 0 4 0 0 0 0 4 0 3 3 0 0 0 2 0 0 0 0 2 0 4 3 4 0 4 0 2 5 0 3 0 0 0 0 2 5 5 0 0 3 0 4 0 0 0 0 3 0 3 0 4 3 0 5 5 0 0 0 0 0 0 3 0 5 3 2 0 2 2 2 3 3 4 0 5 0 5 2 2 2 2 0 3 0 0 
0 0 0 0 0 0 0 0 5 0 4 3 3 4 5 2 0 3 2 0 0 0 0 0 0 0 4 0 0 4 5 0 0 0 5 4 5 2 0 5 0 0 0 2 5 0 0 0 0 5 0 0 5 4 0 2 5 2 0 0 2 4 3 2 2 3 0 3 2 2 4 0 0 0 5 3 2 0 0 2 0 3 0 3 0 2 4 0 0 3 2 4 2 4 5 0 3 0 5 3 3 4 0 3 2 2 0 0 4 4 0 0 4 3 0 0 0 5 2 0 4 0 0 0 0 0 4 4 0 3 0 5 0 0 0 0 3 0 5 2 3 4 0 0 5 3 0 0 5 0 4 0 0 4 5 0 3 0 2 2 2 0 0 5 0 0 0 5 0 3 0 5 4 4 4 2 0 4 0 3 0 5 0 0 4 0 3 0 0 0 2 0 5 0 3 4 0 0 0 5 
3 4 5 0 3 0 2 2 0 0 2 3 5 4 0 0 4 3 2 0 0 0 0 3 0 5 2 5 0 0 0 0 4 2 2 0 0 0 0 0 5 2 3 0 2 0 0 5 0 2 0 3 0 3 0 0 0 0 5 0 3 0 5 2 0 3 0 5 3 0 2 0 0 5 2 3 0 0 3 5 5 5 3 0 0 0 5 4 2 5 0 0 0 0 5 5 0 0 5 2 2 0 3 0 0 0 0 4 5 0 4 5 0 2 0 0 0 4 0 3 4 0 0 0 0 3 4 4 3 0 0 3 3 5 0 0 2 4 0 3 0 3 0 5 0 0 0 0 5 3 0 0 3 0 5 0 0 3 0 2 0 0 0 0 0 0 0 0 3 5 0 0 0 0 0 5 5 5 0 0 5 3 0 4 3 4 0 0 0 2 2 0 4 0 0 0 0 2 0 3 
0 2 5 4 0 0 0 3 0 0 4 3 0 4 2 0 0 0 0 0 0 3 0 3 0 0 0 0 0 0 0 2 3 4 2 0 0 5 0 5 4 0 2 0 0 3 3 5 0 0 0 4 0 3 3 2 0 5 0 0 0 0 0 0 0 0 0 0 0 2 4 2 4 5 0 4 0 5 0 5 4 2 2 0 0 2 0 4 4 0 0 0 0 5 4 4 3 4 0 4 0 0 0 2 5 3 4 0 0 0 3 2 0 3 0 0 2 0 0 2 0 3 0 3 4 0 5 0 0 4 0 0 0 0 5 2 2 5 0 2 2 0 3 4 0 0 0 0 0 0 0 4 5 4 0 0 0 5 3 2 0 4 0 5 2 5 3 0 3 0 0 0 0 0 0 4 0 0 0 3 5 0 0 0 4 0 0 0 5 0 0 0 0 4 5 5 0 0 4 0 
0 0 4 0 0 4 5 3 3 5 0 0 3 0 2 5 0 0 0 0 0 4 0 0 2 0 0 0 3 0 5 0 3 3 3 0 3 0 0 0 4 0 0 5 0 3 0 0 0 2 5 0 3 0 0 3 2 0 0 3 0 0 0 0 0 5 5 0 3 4 0 5 5 0 0 2 0 3 4 0 3 5 0 0 0 2 5 4 0 5 4 3 0 0 0 0 4 5 0 0 0 2 0 0 0 0 0 3 5 0 0 2 0 5 5 2 0 4 0 5 0 0 5 5 4 0 3 0 2 2 0 5 0 0 0 4 0 4 2 4 0 2 5 0 0 4 0 2 0 0 0 0 5 0 0 2 2 0 3 0 0 2 2 0 3 0 0 3 0 0 0 4 5 0 0 0 0 0 4 0 5 0 0 4 3 5 3 2 5 3 4 4 4 0 0 4 0 2 5 0 
0 0 4 0 0 0 5 3 5 3 0 0 3 2 0 3 0 0 3 0 5 0 0 3 4 4 0 0 3 3 0 2 4 3 0 2 0 2 0 4 0 5 2 0 0 2 3 0 0 0 0 4 0 0 0 0 4 3 4 0 5 0 0 3 0 0 5 0 0 0 0 4 0 0 0 0 5 2 3 4 0 3 4 4 0 0 2 0 0 0 3 0 0 3 4 2 3 4 4 5 2 4 0 4 0 0 0 2 0 0 2 0 0 3 5 0 4 2 0 0 5 0 4 0 0 0 0 0 3 0 0 0 0 0 2 0 0 0 4 0 0 0 0 3 3 2 0 5 0 3 0 0 0 0 4 5 5 3 2 2 0 0 0 0 4 0 3 2 3 0 2 2 5 0 2 0 3 4 2 0 0 5 5 2 0 2 0 0 3 2 0 5 0 4 0 0 2 2 0 0 
0 0 2 0 0 0 5 0 5 0 2 2 0 5 0 5 4 0 0 0 0 5 0 2 0 3 2 3 0 5 0 0 0 0 2 2 3 0 2 0 0 0 5 0 0 5 0 0 0 3 2 0 0 2 0 0 2 5 0 3 2 0 0 4 4 2 5 0 4 5 5 4 3 0 0 3 0 0 0 5 4 0 2 0 0 0 0 0 0 0 0 4 0 4 4 0 0 0 0 0 4 3 0 2 4 3 0 0 0 2 4 4 4 0 0 4 3 3 0 4 0 0 5 5 0 0 2 0 4 0 0 3 4 2 0 4 0 0 2 0 2 3 3 0 3 0 0 0 2 0 5 2 0 4 0 0 3 0 3 3 0 5 3 2 0 0 0 0 0 5 2 2 0 0 2 0 0 4 3 0 4 0 2 3 0 0 3 0 4 0 0 5 5 4 0 3 5 3 0 4 
0 2 0 5 5 2 3 0 2 0 3 0 5 0 0 0 2 0 5 4 4 0 0 4 0 2 5 3 3 3 4 5 5 2 4 0 2 2 5 0 0 0 0 5 0 0 0 2 0 0 4 0 0 0 2 2 2 0 5 0 5 3 5 0 0 0 3 5 5 5 0 0 0 2 0 0 2 0 0 4 0 0 0 2 0 0 0 2 0 4 0 2 5 0 0 5 4 5 0 0 4 0 2 0 0 5 0 4 0 0 0 0 0 0 0 3 0 0 0 0 2 3 2 4 5 0 5 4 4 0 0 2 3 4 0 3 2 0 2 0 5 0 0 0 0 3 3 0 2 2 0 3 0 3 3 0 0 3 5 3 4 0 5 0 3 5 0 0 0 4 4 3 2 4 0 0 2 0 5 4 0 0 3 4 0 2 0 2 5 2 3 0 3 0 5 0 5 0 5 0 
3 3 0 5 2 0 4 0 3 0 5 0 2 4 4 0 5 3 3 0 2 0 0 0 5 5 5 0 4 0 4 0 0 4 2 0 4 5 0 0 4 0 3 0 2 3 4 0 3 0 3 4 4 5 0 0 3 4 3 0 5 0 4 3 5 4 0 0 3 0 0 4 2 4 0 0 5 0 0 0 0 5 0 0 0 5 2 4 0 3 0 0 5 0 4 4 0 0 5 3 5 0 0 5 0 4 0 0 2 0 0 0 0 3 2 4 0 3 0 2 2 5 0 0 0 0 4 0 4 0 0 0 5 0 2 3 0 0 0 0 0 0 0 3 2 4 0 0 2 4 0 5 0 0 0 4 5 0 0 0 0 2 0 0 2 2 5 5 2 2 3 5 5 0 0 0 2 0 4 4 5 0 3 5 2 0 2 2 2 4 3 3 3 3 0 0 0 0 4 2 
5 0 0 5 4 3 0 4 4 0 0 5 2 3 0 3 0 0 0 0 3 4 2 0 4 3 4 0 2 0 0 3 3 3 0 0 0 0 2 0 0 3 3 0 2 5 4 5 3 3 2 3 0 2 4 0 5 0 0 0 2 0 3 5 0 3 5 0 0 0 2 4 5 5 0 2 5 3 2 0 0 0 0 5 0 0 2 0 0 0 2 4 0 0 0 3 2 5 4 0 2 0 3 0 0 0 3 0 3 5 5 4 4 3 3 2 5 0 2 0 3 0 0 5 5 3 2 4 4 2 2 3 3 0 0 5 3 5 0 3 0 4 4 0 0 5 5 2 0 5 0 0 5 5 0 5 0 0 0 3 2 4 2 5 0 5 0 4 5 0 3 5 3 0 0 4 3 0 0 0 0 0 0 2 2 0 4 0 0 2 4 0 0 5 0 2 5 4 5 0 
0 3 3 0 0 0 0 0 0 5 2 0 2 2 0 3 5 0 5 0 0 5 3 0 0 5 4 0 0 2 0 4 0 0 0 0 0 0 0 0 4 0 0 0 0 5 3 0 3 0 0 0 0 3 0 2 5 4 5 5 5 0 4 0 0 3 0 0 3 3 0 5 0 2 5 2 0 3 2 0 0 0 3 2 0 0 0 5 2 5 0 5 3 3 4 4 0 0 4 0 5 0 2 3 0 0 3 5 2 5 2 3 4 0 0 0 4 3 2 0 0 5 0 3 0 5 0 4 0 0 0 0 2 0 0 5 0 4 0 4 0 4 3 4 5 0 0 0 3 4 0 0 2 0 3 2 2 4 0 5 0 0 0 4 0 0 0 0 0 0 5 0 0 4 4 3 0 5 0 5 2 5 2 2 0 4 0 0 0 0 0 0 0 0 0 4 2 0 0 5 
3 0 2 0 0 0 0 5 0 0 0 0 3 0 0 3 5 0 0 0 0 3 5 4 2 2 0 5 0 0 0 3 0 0 0 0 0 0 2 0 3 3 3 4 5 0 0 0 0 4 5 2 2 2 2 0 4 4 3 4 0 2 0 0 3 2 0 0 0 0 0 3 0 5 5 2 0 5 2 0 0 5 0 0 0 0 4 0 0 0 2 0 0 3 0 2 0 0 3 4 3 3 0 0 0 0 0 0 0 0 4 4 4 2 5 0 0 0 0 0 0 0 3 0 0 5 3 0 0 0 0 0 0 0 0 0 4 2 0 0 4 5 0 3 0 4 0 0 0 3 5 0 0 0 0 3 0 0 0 0 3 2 3 3 0 4 3 3 0 4 4 4 0 3 0 0 0 0 0 0 4 3 3 4 0 0 0 0 2 3 0 2 3 0 0 3 4 0 0 2 
2 0 0 3 3 0 0 0 3 3 0 4 0 2 5 0 0 0 2 0 0 4 3 0 5 4 0 0 4 0 3 4 0 4 2 0 3 0 2 0 0 5 5 0 4 0 0 2 3 5 2 0 0 5 2 4 5 0 2 4 2 3 5 3 0 0 0 5 5 0 0 0 3 2 5 0 0 0 4 0 2 0 4 0 5 2 0 0 0 3 5 0 5 2 2 4 0 0 0 5 3 5 0 5 0 2 4 5 4 0 5 0 5 0 0 0 0 0 0 0 2 4 4 0 5 0 4 4 0 0 0 4 0 2 0 0 4 0 4 4 0 3 0 0 0 2 0 3 4 0 2 5 0 0 0 0 0 0 3 5 4 4 0 5 5 3 3 3 0 4 0 0 3 0 4 0 5 0 5 4 3 0 0 0 4 0 0 3 2 0 3 0 5 0 4 5 4 5 0 3 
0 0 0 0 0 0 3 0 0 0 0 3 0 0 3 5 0 2 2 0 0 0 5 0 2 2 4 3 3 2 0 0 0 5 3 0 5 0 3 4 0 0 5 3 2 0 2 2 5 0 0 0 4 3 4 0 0 4 0 5 2 0 2 0 0 0 5 0 3 0 3 0 0 5 0 5 4 0 2 0 0 3 2 4 0 0 0 0 0 4 2 4 0 0 0 2 0 0 0 5 2 4 2 4 0 0 4 4 0 2 5 4 2 0 0 0 0 0 4 0 2 4 0 5 3 0 0 0 3 0 0 0 4 3 0 2 4 2 5 4 0 0 4 3 5 2 4 0 4 5 0 0 0 4 3 2 3 3 4 0 0 2 0 0 2 3 0 0 0 0 5 5 0 4 0 0 4 0 0 3 0 2 2 0 0 0 0 4 2 0 5 0 2 3 3 3 2 5 0 0 
0 0 0 0 0 5 3 0 3 0 4 3 5 0 0 2 0 0 0 0 5 5 0 0 0 2 0 0 0 2 0 4 0 0 2 0 0 0 3 2 5 0 3 0 0 4 0 0 4 4 0 0 0 5 3 0 0 5 0 4 0 0 2 0 0 0 0 5 0 0 0 2 3 4 0 2 3 4 5 0 0 0 0 5 0 3 5 5 4 0 0 0 0 4 0 5 2 5 0 0 0 2 0 0 0 0 0 4 2 0 0 5 3 5 0 0 0 4 0 0 3 3 0 0 0 4 3 3 0 0 0 0 0 3 0 0 0 3 0 4 2 0 4 5 0 2 0 0 3 4 0 2 0 0 3 3 3 0 0 0 0 5 3 0 5 0 0 4 0 2 0 0 0 0 0 0 5 0 4 2 3 4 0 5 0 0 3 0 2 5 3 0 5 2 5 2 5 3 4 4 
4 5 0 5 4 4 4 4 4 3 0 0 0 0 4 0 0 4 0 0 4 0 0 3 0 0 4 0 0 5 3 0 4 0 2 5 4 0 2 3 2 0 0 0 3 0 4 0 0 0 4 0 3 0 0 3 4 0 0 0 5 0 2 5 4 3 0 4 0 0 0 0 3 0 0 2 2 2 0 3 5 5 5 2 2 0 2 5 3 0 4 0 0 3 0 0 0 2 2 0 0 0 0 4 4 0 3 0 0 0 0 2 2 0 2 0 0 0 3 3 0 0 0 5 0 4 0 0 0 0 0 0 0 5 5 0 2 0 4 4 0 0 3 5 4 4 0 0 4 0 0 0 0 5 0 2 0 0 2 0 0 4 5 0 2 0 0 4 5 5 5 0 0 0 0 0 5 3 4 0 5 3 0 2 0 0 3 0 0 3 0 3 5 0 4 0 5 0 0 0 
0 3 2 3 0 0 3 0 0 0 0 4 0 3 0 0 0 2 5 0 0 4 0 2 2 2 0 0 2 5 5 0 0 0 3 4 4 0 2 0 5 3 5 2 0 2 5 3 2 0 0 0 2 0 5 0 3 0 0 0 4 0 5 0 0 4 4 5 5 4 2 2 0 0 0 5 4 0 4 2 5 4 0 3 0 4 0 3 0 2 0 0 0 3 0 2 0 0 0 0 5 0 3 0 0 0 0 3 0 2 0 4 3 2 3 4 0 0 0 0 0 0 0 0 3 0 0 0 0 3 3 0 4 0 0 3 3 0 2 4 0 0 0 5 0 5 0 2 0 0 0 0 0 0 0 5 0 3 2 0 0 4 3 0 0 0 2 2 0 2 2 0 4 4 0 0 3 2 2 0 3 0 4 0 2 0 5 0 5 0 0 5 0 0 2 4 0 5 0 2 
0 0 4 5 0 0 5 4 0 4 3 0 3 4 0 2 2 5 0 0 4 5 0 0 0 0 0 0 0 0 2 5 0 3 4 0 2 4 0 5 0 0 0 2 0 5 3 3 5 4 0 3 0 0 2 0 3 4 2 0 0 3 0 0 4 2 5 0 5 0 4 0 2 0 4 2 2 4 5 4 3 3 2 0 0 4 0 2 0 0 0 3 0 0 0 3 2 0 5 3 2 0 4 5 0 0 0 0 0 4 2 0 0 3 4 0 0 0 4 0 0 0 0 0 2 4 0 0 0 4 0 5 0 2 4 0 2 2 3 0 0 3 4 0 0 4 0 0 5 4 0 4 0 0 0 0 2 5 0 3 5 2 0 3 5 0 0 5 0 0 2 0 5 4 4 0 0 2 5 0 0 0 0 0 0 2 0 4 4 0 0 4 3 0 2 2 0 5 5 4 
0 0 4 0 3 2 0 3 4 2 2 5 0 5 0 0 4 5 2 0 0 0 0 2 0 0 0 0 0 3 2 0 0 0 0 0 0 0 0 0 0 0 0 0 0 2 0 0 0 0 5 5 0 5 0 0 0 0 2 0 4 3 0 0 5 2 4 3 4 5 0 0 3 2 5 3 0 2 3 0 2 0 2 4 4 0 0 0 0 0 0 0 5 0 0 0 0 0 0 5 2 2 0 3 0 2 5 0 5 2 3 0 3 0 3 0 2 3 0 0 0 2 0 0 0 5 2 2 0 3 0 0 0 3 0 5 2 4 0 0 0 5 2 5 3 0 2 0 0 2 4 3 4 0 0 0 2 4 3 2 2 0 5 4 5 0 0 0 0 3 0 4 0 4 0 0 4 0 4 4 3 0 0 0 0 0 5 0 4 0 0 0 0 2 0 0 3 0 5 3 
0 2 3 0 0 5 3 4 3 5 0 0 0 4 5 5 5 0 0 0 0 5 0 0 0 4 4 0 0 0 3 5 5 3 4 0 4 0 4 0 0 0 0 4 0 2 4 3 4 5 0 0 0 0 0 0 0 2 5 0 4 0 0 0 0 2 0 5 4 0 0 0 0 2 2 0 0 0 3 0 0 0 4 5 0 4 0 0 0 2 5 4 3 3 0 2 3 4 2 2 2 0 0 5 0 4 0 0 0 0 2 5 0 0 4 3 2 3 0 0 4 5 0 0 0 0 4 4 0 3 0 0 2 0 3 2 0 0 0 2 0 0 0 4 4 4 0 0 4 3 5 0 0 0 4 2 0 5 0 0 0 4 3 4 0 0 0 4 0 2 3 4 5 4 0 0 0 0 0 0 3 0 0 0 4 4 0 0 0 0 0 0 2 5 3 5 0 0 4 0 
5 0 0 0 0 4 4 4 4 2 0 2 0 3 0 2 0 0 4 2 5 0 4 0 5 0 0 3 0 0 0 0 0 0 3 0 4 4 0 4 0 0 0 4 0 2 0 2 2 0 0 0 0 0 0 2 0 4 0 0 2 2 3 0 2 2 4 0 5 2 0 0 0 0 5 4 2 0 5 5 2 0 2 5 2 0 5 0 0 2 0 0 2 0 0 0 0 0 5 3 0 0 0 3 0 4 0 0 0 0 5 5 4 0 5 0 4 5 5 0 0 2 0 3 3 4 0 0 4 0 4 2 3 0 4 0 0 0 4 0 2 4 0 2 4 0 0 3 0 0 0 5 0 0 0 0 0 0 0 4 5 0 4 3 0 0 0 5 0 0 2 0 0 0 4 3 0 0 0 0 5 0 0 2 4 4 0 5 3 0 0 4 4 5 0 4 0 5 2 5 
5 3 0 0 3 0 0 0 2 4 3 0 4 2 5 0 5 0 2 4 0 3 3 0 2 0 0 2 4 4 2 0 5 2 4 0 3 0 2 4 2 2 0 3 0 2 0 5 0 3 0 2 3 0 5 3 0 3 3 5 4 0 2 0 0 2 0 2 0 3 0 5 0 0 2 4 3 2 2 0 2 2 3 0 2 0 4 4 0 4 4 0 2 0 3 4 3 4 0 3 0 0 0 0 0 0 0 4 0 0 3 5 5 4 0 0 2 3 0 4 0 5 0 0 0 3 4 5 0 0 0 4 0 2 2 0 0 0 2 2 0 4 5 0 0 0 0 3 0 0 0 0 0 4 0 0 2 2 0 5 3 0 0 5 2 4 0 5 5 0 2 0 0 4 2 2 5 0 5 4 0 0 4 0 0 4 5 2 5 0 0 2 0 3 4 5 0 3 3 0 
3 5 0 2 0 0 0 5 0 0 0 2 4 0 2 0 0 2 3 0 4 2 3 0 4 0 5 5 5 2 0 0 4 0 2 3 2 0 5 2 3 3 4 0 0 4 2 2 4 0 0 3 3 4 5 3 3 3 0 0 0 4 0 3 0 5 4 2 2 0 0 0 0 0 0 0 4 5 0 2 0 0 0 2 3 3 0 2 0 0 4 5 3 4 0 3 0 0 0 0 0 5 2 0 4 0 0 0 0 0 4 0 2 0 4 3 4 0 0 0 0 3 0 5 4 0 2 4 4 0 5 3 0 0 3 3 4 0 0 5 0 0 4 0 3 4 0 0 5 0 2 3 2 5 3 0 4 5 0 0 2 0 0 3 5 0 4 0 2 2 0 0 2 0 0 3 4 0 0 0 0 0 0 2 4 0 0 3 0 0 0 0 0 3 3 2 3 0 0 4 
4 0 0 4 3 0 3 2 0 5 0 5 2 0 3 0 0 0 0 4 0 0 0 0 0 0 2 3 0 3 0 3 0 3 4 0 5 0 5 3 0 0 2 0 0 0 3 2 0 0 3 5 3 4 0 0 0 3 4 0 2 5 0 0 0 0 0 0 3 3 0 4 5 0 0 0 3 3 0 0 0 5 0 0 0 0 4 4 4 4 3 3 4 0 0 0 0 0 0 0 0 3 5 4 0 3 0 0 0 0 3 0 0 0 2 2 5 0 0 4 4 4 5 0 0 5 2 0 4 0 2 0 4 3 3 0 0 4 2 0 5 0 0 0 0 4 0 5 0 3 5 5 4 0 2 0 2 0 2 0 0 0 0 5 5 3 4 0 4 3 3 0 5 0 0 3 4 4 0 2 3 0 3 4 5 0 4 0 0 4 0 4 5 2 4 2 0 3 3 0 
4 0 4 3 0 3 0 0 2 5 3 0 5 3 0 0 0 5 0 0 4 4 5 2 4 2 0 3 0 0 0 0 3 0 0 0 3 3 0 2 5 3 5 5 5 5 5 2 0 0 0 0 3 0 0 2 2 5 4 3 3 2 5 2 0 2 0 0 0 0 2 2 0 3 5 2 4 5 2 2 0 4 0 0 0 5 0 0 0 0 0 4 0 0 0 0 0 0 5 0 0 0 2 0 4 2 0 4 5 0 2 4 0 0 0 5 0 4 0 0 5 5 4 0 2 0 4 0 5 0 5 0 0 2 0 0 3 5 5 0 0 3 0 2 0 0 0 0 3 3 0 0 0 5 0 0 5 5 5 0 0 0 3 4 5 4 5 0 0 0 0 5 5 0 5 0 3 3 4 0 0 0 0 0 3 2 0 3 0 0 0 0 5 2 0 0 5 5 4 0 
3 2 0 0 2 0 3 3 2 0 2 0 0 2 3 0 0 0 0 4 0 3 0 0 0 4 4 0 0 5 0 4 3 0 0 5 5 5 0 0 0 4 2 5 0 0 0 2 0 0 4 0 0 2 5 3 3 4 4 0 0 0 0 3 0 5 0 3 5 4 0 5 0 2 2 0 0 0 0 0 0 3 5 0 2 2 5 3 3 5 0 0 0 2 0 5 0 3 4 0 0 0 2 3 0 2 0 2 3 0 0 4 2 4 0 3 0 4 0 0 4 4 0 3 3 5 3 0 0 0 0 4 0 2 0 3 0 3 0 0 0 0 0 0 3 4 0 2 0 0 0 5 4 0 2 0 2 3 0 0 0 0 0 0 0 5 0 3 5 4 0 4 4 4 2 2 3 0 0 3 0 0 5 0 0 0 0 4 3 4 2 3 0 2 0 2 3 5 0 0 
0 0 3 0 0 2 0 4 0 5 4 5 0 0 0 5 0 2 5 2 4 3 0 4 4 0 0 5 4 5 0 5 5 3 0 3 3 0 0 0 4 5 3 0 0 5 5 0 0 0 0 3 0 0 0 5 0 4 0 2 3 0 2 3 0 0 5 0 0 0 0 0 4 0 0 2 3 2 5 0 5 0 5 0 0 0 0 0 4 0 2 0 0 3 5 5 0 3 4 5 5 5 0 0 0 4 2 0 0 2 0 0 5 0 4 0 0 4 0 5 3 2 0 2 0 4 4 0 0 5 5 0 0 5 5 5 0 3 0 2 4 5 5 0 2 4 2 2 3 5 3 5 0 3 2 0 3 0 0 3 0 0 2 0 0 0 0 3 5 0 3 0 2 3 4 2 2 0 3 3 2 0 0 0 0 0 2 5 5 2 2 0 0 2 5 2 0 2 0 0 
4 0 0 0 4 0 2 0 4 0 2 3 4 0 0 5 2 2 0 5 2 4 0 5 0 0 0 5 0 0 4 3 4 0 3 2 2 5 0 4 0 0 5 0 0 3 3 0 0 3 0 0 2 5 4 2 2 4 0 4 0 2 0 0 3 4 2 0 0 4 5 4 0 0 0 0 4 4 2 0 0 4 5 0 0 2 0 0 2 0 2 0 0 3 0 3 2 0 4 0 3 5 0 3 5 4 4 3 5 0 0 0 0 0 0 2 5 0 0 4 2 0 0 4 0 3 5 4 0 0 3 0 3 4 4 0 0 3 2 0 0 5 0 0 2 2 5 2 0 0 0 0 0 0 0 3 0 5 5 0 2 5 0 4 4 0 3 0 3 5 0 2 0 5 0 3 0 0 0 2 5 0 3 3 3 0 0 0 2 4 0 0 0 0 3 3 0 0 2 0 
2 3 0 0 0 5 0 0 0 0 0 2 3 5 0 3 5 0 2 0 0 0 3 4 4 3 0 0 0 0 0 0 0 0 2 5 3 4 2 2 0 4 3 0 0 0 0 5 5 4 2 0 0 4 0 0 0 0 2 4 0 5 0 0 3 0 0 0 0 5 0 2 0 0 3 0 4 0 0 4 0 4 5 0 3 0 3 5 0 4 0 4 0 5 0 0 2 5 3 0 0 2 0 3 3 5 4 0 0 0 2 0 4 0 0 3 5 5 0 0 4 2 0 5 0 2 3 5 5 3 3 4 0 0 0 3 5 0 0 4 5 2 5 2 0 0 0 0 0 0 5 2 3 0 4 4 4 0 3 0 0 2 0 3 0 5 0 0 0 2 4 0 0 2 0 0 0 0 0 3 2 0 5 0 0 0 0 0 2 0 0 0 0 2 0 5 3 0 2 0 
3 2 4 4 0 0 4 4 0 0 5 4 3 2 0 5 3 0 0 0 0 4 0 0 2 0 0 0 0 0 0 0 0 0 4 0 0 0 3 0 2 0 3 5 0 0 0 2 3 0 0 0 0 4 0 2 0 3 0 0 3 0 0 3 2 2 3 3 0 2 4 0 0 5 0 0 2 5 4 3 3 0 2 5 5 0 3 5 5 0 0 2 0 0 4 0 3 4 3 3 2 0 5 0 4 2 0 4 2 0 2 3 0 0 0 4 5 3 0 4 2 0 3 4 0 4 0 0 0 0 0 3 0 0 2 5 3 4 0 0 4 3 0 3 0 3 2 5 4 3 0 2 0 2 3 4 4 0 0 3 5 0 5 2 0 2 0 4 0 0 0 0 5 0 2 0 0 5 0 5 3 3 0 2 2 2 3 0 2 2 0 0 3 0 0 3 2 0 2 2 
0 5 0 3 0 0 0 2 5 0 5 5 0 0 0 0 0 0 5 0 2 0 0 5 3 2 3 0 2 0 4 0 0 4 0 0 0 0 3 4 3 5 0 0 2 0 0 0 5 0 0 5 5 0 0 0 4 0 3 2 4 0 2 0 5 2 0 3 0 3 0 2 0 0 0 4 0 0 0 0 2 0 4 3 0 4 0 4 4 2 0 0 3 0 0 0 0 4 0 0 0 0 0 0 0 0 3 2 0 3 0 5 2 3 0 0 4 2 0 0 5 4 3 0 0 0 0 2 5 0 4 5 5 0 0 4 3 2 3 4 2 0 0 4 0 0 3 5 3 0 0 3 0 3 4 2 3 0 0 0 0 3 5 5 0 0 5 0 4 0 3 0 0 0 0 0 0 0 2 5 2 4 5 3 0 0 0 0 0 0 2 0 0 2 0 5 4 2 0 2 
0 0 3 0 0 0 0 3 4 3 5 4 2 4 2 0 4 2 3 0 3 0 2 2 5 4 0 0 4 5 0 5 5 0 0 0 0 0 2 4 2 2 0 4 5 0 3 3 4 0 2 2 3 2 0 4 3 3 2 5 0 4 0 2 0 0 3 0 0 4 0 0 3 4 0 5 0 0 0 4 0 3 0 0 4 2 0 2 3 4 0 0 3 0 5 0 3 3 0 0 3 0 0 0 4 2 5 0 2 0 0 2 2 0 3 5 2 5 0 4 3 5 0 0 5 0 0 0 0 2 0 2 5 0 0 4 5 3 5 0 0 2 5 0 0 0 0 2 0 0 2 0 3 5 2 2 3 2 0 0 5 0 0 0 0 0 4 2 2 0 0 0 4 2 0 0 0 5 0 5 0 0 0 2 0 5 0 0 2 0 2 0 0 4 0 5 0 0 2 0 
3 0 0 5 4 0 0 0 4 3 0 3 0 0 5 0 0 3 3 0 2 0 2 0 3 2 4 5 5 2 3 0 3 4 0 0 0 4 2 0 0 2 3 4 0 0 0 4 3 0 4 5 0 0 5 0 3 3 0 3 5 3 5 0 4 3 3 4 4 0 0 2 0 3 0 5 3 3 0 4 5 0 0 0 0 3 0 2 4 4 0 5 0 5 4 0 5 0 0 5 0 0 2 0 0 3 0 3 4 0 2 0 0 5 0 2 4 3 0 0 2 4 0 0 5 3 0 5 0 2 3 0 3 4 2 0 0 4 0 0 4 0 0 2 5 4 5 5 5 0 3 0 0 0 0 0 3 2 2 5 4 4 4 5 0 0 0 0 0 4 0 3 0 0 0 0 4 0 0 0 4 3 3 3 2 0 3 2 5 0 3 0 2 5 5 0 4 2 4 0 
0 0 4 3 0 2 2 5 4 5 0 4 0 5 0 2 0 3 3 0 5 3 5 2 3 0 3 3 2 0 4 2 5 4 5 0 0 0 0 0 3 3 4 4 4 2 0 3 0 0 2 0 0 5 0 2 0 0 5 0 0 4 4 3 4 4 3 5 0 2 4 5 3 0 0 2 0 5 0 5 2 3 3 0 0 0 0 0 0 3 0 5 5 4 2 4 0 0 0 4 2 3 0 4 3 5 2 0 4 3 4 0 3 0 2 0 5 2 0 0 4 0 3 0 0 2 3 0 2 2 4 4 0 5 3 2 0 4 3 5 0 0 0 4 3 0 2 2 3 5 0 0 2 0 5 0 2 0 4 0 2 2 0 0 0 0 2 3 5 2 5 3 2 5 0 3 0 2 0 0 0 0 0 2 3 5 0 2 0 2 5 3 0 5 3 4 3 0 3 5 
0 0 0 5 0 5 2 4 5 0 2 0 4 4 5 0 3 0 0 2 0 3 0 0 5 2 5 0 0 3 0 2 2 0 0 3 3 0 0 3 4 0 2 5 2 0 5 0 3 3 4 0 0 5 5 0 2 4 0 0 0 2 3 0 0 0 5 3 4 2 3 0 2 2 5 3 0 0 3 0 4 2 0 0 0 2 2 0 3 4 4 0 4 2 0 2 4 0 0 2 0 0 0 3 5 0 0 0 0 5 2 3 2 0 0 0 0 2 0 4 4 4 0 2 2 0 2 0 4 2 0 0 5 0 5 0 0 0 4 3 0 4 0 4 0 0 3 0 4 3 3 0 0 0 5 3 3 5 0 3 2 0 2 0 0 0 5 0 0 4 0 0 5 0 0 0 3 0 0 3 0 2 0 5 3 0 5 0 3 2 0 0 3 2 3 5 4 0 0 0 
5 2 2 0 0 5 0 0 5 0 0 0 0 0 5 0 3 0 4 0 5 3 4 4 5 4 2 0 5 0 0 3 0 0 2 0 3 0 2 0 0 0 0 3 0 0 5 2 4 3 3 0 0 2 0 0 0 5 4 0 0 3 5 0 0 2 3 0 0 0 5 4 3 0 4 0 2 4 5 5 0 3 0 0 3 0 0 0 3 0 4 0 4 3 2 2 3 2 2 2 3 2 3 5 3 2 3 0 0 0 0 0 0 0 3 5 0 0 0 4 2 4 4 3 0 0 3 0 0 3 0 0 2 5 3 0 0 0 2 0 0 2 3 0 0 0 0 2 4 0 5 0 4 0 0 3 5 0 3 3 0 0 2 0 4 0 0 0 2 5 0 3 3 0 5 4 2 0 3 5 5 4 4 0 0 0 0 0 0 5 0 0 4 0 0 0 3 0 2 4 
5 0 3 2 3 5 0 0 4 5 3 5 0 4 5 0 3 0 0 4 0 3 3 3 0 5 4 0 4 4 4 0 0 0 0 2 0 0 0 5 4 5 0 3 2 2 5 0 0 0 2 0 0 2 3 0 3 2 2 5 4 0 0 0 0 4 3 0 0 0 0 5 2 5 3 0 4 0 4 0 3 4 3 0 5 3 0 4 4 2 0 0 3 0 0 0 2 5 5 0 4 0 0 0 0 0 5 0 4 0 0 2 2 4 4 0 2 0 4 4 2 0 0 4 2 5 4 3 0 2 0 0 5 2 0 0 0 0 0 0 2 0 0 4 2 2 0 3 0 0 4 4 5 4 5 3 0 0 5 0 0 0 0 0 2 0 4 5 0 4 0 0 5 4 0 4 0 5 2 0 4 0 0 2 0 5 0 0 0 2 0 0 0 4 2 0 0 3 5 5 
0 0 5 3 3 0 3 0 0 2 5 5 0 0 4 2 0 2 5 0 2 0 4 0 2 2 0 0 0 2 0 4 3 0 3 0 5 2 4 0 0 5 0 0 2 3 0 0 3 0 0 0 3 2 5 0 4 0 0 5 0 0 4 2 3 0 0 2 0 0 0 4 5 2 0 2 2 2 0 5 2 5 0 0 3 0 4 0 0 5 0 0 0 0 0 0 2 0 0 0 3 2 0 0 0 0 0 3 0 3 0 4 2 2 0 2 4 3 0 0 5 0 0 3 3 0 2 2 3 0 0 0 0 5 0 0 0 0 5 0 3 0 3 2 5 2 3 0 0 0 0 3 5 0 5 0 0 3 4 0 3 4 4 0 2 3 0 0 0 3 0 0 3 5 0 0 3 4 5 4 5 0 5 0 0 0 0 3 0 0 5 0 4 0 0 0 2 2 4 0 
4 0 5 0 5 0 3 3 0 4 3 3 0 0 4 0 0 5 0 0 5 0 2 3 2 0 4 5 0 0 0 0 2 2 0 5 3 0 0 5 0 3 4 5 3 0 3 4 0 0 2 5 0 0 0 0 5 4 5 3 3 2 0 2 0 4 5 0 0 0 5 4 2 0 3 2 0 4 0 0 0 0 0 3 0 4 2 3 0 2 3 3 0 0 4 0 5 3 4 4 4 0 0 5 2 4 0 0 0 5 2 0 0 0 3 4 3 4 0 4 0 0 0 0 0 0 0 0 2 0 4 3 5 0 4 4 0 0 0 2 2 4 0 0 5 0 0 5 0 5 0 4 0 0 0 0 3 5 0 5 0 0 0 0 0 3 0 5 0 2 3 4 0 5 2 4 0 4 5 0 0 4 3 4 4 2 5 0 4 0 0 0 3 4 3 0 5 0 4 3 
2 0 5 4 3 0 0 0 3 0 5 5 0 0 3 2 0 0 2 2 3 3 4 3 2 5 0 0 4 3 0 3 3 0 0 2 5 0 0 2 0 0 0 5 0 3 0 4 0 3 4 5 0 0 3 2 3 4 0 0 0 0 5 0 3 0 2 4 0 4 3 0 0 0 2 3 0 0 0 0 0 5 5 5 0 0 3 4 0 0 2 0 3 0 2 0 0 0 0 3 0 2 0 0 0 4 2 0 0 0 0 0 4 4 3 3 0 0 0 4 0 4 0 5 0 0 4 0 0 5 5 3 3 0 5 0 0 4 0 0 5 0 5 0 0 0 5 5 0 0 4 4 5 4 3 0 4 0 0 4 5 4 0 5 5 0 2 3 3 0 2 0 2 2 5 0 0 0 0 0 5 5 0 0 5 2 3 0 3 0 0 0 4 0 0 3 0 4 0 0 
0 0 0 0 3 5 3 0 5 2 0 4 3 0 0 5 4 0 0 0 5 0 0 4 3 3 0 0 0 4 4 0 0 0 4 5 2 0 0 0 5 4 0 5 0 0 0 0 0 0 0 0 3 3 5 0 0 4 0 5 0 5 2 0 0 3 3 2 0 0 4 5 2 0 4 2 5 0 0 4 0 0 0 4 0 5 0 0 2 0 0 5 3 4 4 0 3 3 0 2 3 0 2 4 5 5 3 5 3 0 0 0 0 0 5 3 2 0 3 5 4 0 5 4 5 0 2 5 0 2 0 0 4 0 0 2 3 2 0 5 0 0 3 0 3 0 0 5 0 2 5 0 2 5 4 4 0 2 5 2 0 0 0 0 3 2 0 2 4 0 0 0 0 0 0 0 0 0 4 0 2 2 0 2 0 0 5 3 0 0 5 0 0 0 5 0 0 4 2 5 
0 2 0 2 2 2 5 0 3 0 0 5 0 4 3 0 5 3 0 5 4 0 4 3 0 0 0 0 0 0 0 3 3 0 0 0 0 4 0 0 4 0 5 0 0 0 0 0 4 2 0 2 4 2 0 5 0 4 4 0 0 0 0 0 4 5 2 0 4 2 2 5 4 3 0 3 5 0 0 4 5 0 2 0 5 0 0 2 0 0 0 2 0 5 4 0 0 3 4 3 0 2 0 0 4 0 2 0 2 0 3 0 0 0 3 0 4 5 4 3 4 3 3 0 3 2 0 0 2 0 5 4 0 2 3 3 3 0 3 2 2 2 0 0 4 0 0 3 0 0 0 0 0 0 0 5 0 4 0 0 4 0 3 4 2 0 0 3 2 5 0 2 0 5 0 0 0 4 2 5 2 4 4 0 3 2 0 0 2 5 5 0 2 0 2 4 0 0 4 0 
4 0 2 0 0 5 0 3 0 0 0 4 2 0 0 0 0 3 0 2 0 0 4 0 0 4 5 5 0 2 0 0 0 0 0 2 0 2 0 4 5 0 0 4 0 2 3 0 0 3 2 0 0 4 0 0 0 5 4 2 3 5 4 0 3 0 0 4 0 3 0 0 4 0 0 0 0 0 0 3 3 0 0 2 0 0 3 0 3 4 5 3 3 3 5 0 0 0 3 0 4 0 4 4 0 0 2 4 0 4 5 2 0 5 2 5 0 0 0 0 0 0 0 0 3 0 5 2 4 5 2 0 4 0 2 0 0 3 5 0 0 0 0 0 4 3 0 2 0 4 4 3 0 2 0 0 3 0 4 0 2 0 0 0 0 0 5 5 5 4 4 3 5 3 4 0 2 0 0 0 0 0 3 5 4 4 0 2 3 5 5 5 5 0 0 0 3 0 0 0 
2 0 0 3 3 0 5 0 5 0 0 0 0 2 0 0 0 4 0 4 0 2 0 3 0 0 4 4 5 0 0 0 0 0 5 2 0 0 0 0 0 5 4 3 4 0 3 0 0 3 5 0 4 3 5 0 3 0 3 0 0 4 4 0 4 0 0 4 0 4 3 2 0 2 2 0 2 0 3 0 5 2 0 3 4 2 3 0 0 0 5 0 0 0 0 0 3 2 0 5 0 4 2 5 0 5 0 0 0 2 0 5 0 0 4 3 0 0 0 4 2 5 0 2 3 0 4 0 0 4 0 2 5 4 0 3 2 2 2 2 5 0 0 5 0 0 0 0 0 5 5 0 0 0 0 0 3 0 0 4 5 0 0 0 5 0 0 4 0 0 0 0 0 3 0 4 4 0 4 5 0 0 0 3 0 4 4 0 0 0 0 4 2 2 0 0 0 2 3 0 
3 3 0 4 4 4 0 4 2 5 0 5 0 0 5 3 0 0 4 3 5 5 5 0 2 2 0 0 0 3 0 5 0 3 4 0 0 0 2 0 0 0 0 3 0 5 4 0 5 5 0 5 5 0 3 0 4 0 0 4 0 4 2 0 4 3 0 5 4 2 2 5 0 3 0 0 0 3 0 2 0 3 4 2 5 0 0 5 0 0 3 5 2 0 0 5 0 5 0 2 0 2 3 0 2 3 3 0 5 0 2 0 0 0 0 0 5 0 0 0 0 3 2 0 0 0 0 0 0 0 2 0 4 0 2 4 0 4 0 0 2 0 3 0 4 0 2 2 0 0 2 0 3 0 3 0 4 0 0 0 3 3 3 3 2 4 5 4 0 0 2 5 3 4 0 0 0 3 3 0 0 0 0 0 0 5 4 2 0 0 0 0 0 0 4 5 4 0 3 0 
0 2 4 2 0 4 0 5 3 3 0 0 2 4 0 2 5 0 3 0 0 0 0 0 0 0 4 0 0 3 0 5 5 5 4 5 2 3 4 0 5 0 5 0 4 0 0 3 5 4 5 5 4 5 5 0 3 3 0 4 3 3 0 2 5 5 4 4 3 0 0 5 0 4 0 4 4 0 0 0 4 5 0 0 0 0 2 0 0 3 0 0 0 5 2 3 0 0 0 0 0 4 0 0 4 4 5 5 0 0 5 5 5 2 5 0 3 5 4 4 2 0 4 0 0 4 4 0 3 2 3 2 5 0 2 0 4 0 5 0 5 2 0 0 0 3 0 0 2 0 5 0 2 0 3 0 0 4 2 3 0 0 0 0 4 0 0 0 0 4 2 3 0 5 0 2 3 4 5 2 5 3 0 5 4 0 0 3 0 0 0 2 0 3 3 2 0 5 0 0 
2 0 5 0 0 3 3 5 2 3 3 0 3 0 0 3 4 4 0 5 5 5 3 4 0 0 5 0 3 3 0 0 0 0 0 5 2 0 0 0 2 4 0 2 0 0 0 3 0 4 0 3 5 0 2 0 0 5 4 0 0 3 0 5 4 0 0 4 3 0 0 3 5 0 5 4 5 5 3 0 0 3 0 0 0 3 0 0 0 4 0 0 4 5 3 0 4 2 2 5 0 0 3 3 2 2 4 3 3 0 2 2 0 2 3 3 3 0 0 0 2 0 3 3 5 0 0 3 4 5 0 3 2 0 0 3 5 0 0 4 3 5 0 0 0 5 5 3 0 4 0 3 0 0 0 0 5 2 0 5 0 4 4 0 0 0 5 5 3 4 0 0 0 4 0 2 0 5 0 5 0 5 0 4 3 3 0 4 4 0 0 0 0 0 4 5 2 0 3 5 
3 4 5 0 5 3 4 3 5 0 0 0 0 3 0 0 4 0 4 0 0 4 0 0 2 0 0 3 0 2 4 3 3 4 0 2 0 5 0 0 0 0 4 0 0 2 4 2 0 2 0 0 3 0 0 5 0 5 0 3 0 0 0 5 3 0 3 0 3 0 0 0 2 5 2 2 3 0 0 0 4 5 4 5 3 0 0 0 0 3 0 0 5 4 2 0 0 0 4 0 2 0 4 2 0 0 5 3 0 0 2 3 3 3 0 4 4 0 0 0 0 5 0 3 0 0 2 2 0 5 4 5 4 0 0 0 0 2 4 0 2 5 0 0 3 0 5 5 0 0 3 3 3 3 0 5 0 2 5 2 2 0 5 0 0 3 0 0 4 0 4 4 0 0 0 3 0 2 0 0 4 2 0 0 4 3 0 0 0 3 0 0 5 0 0 0 0 0 4 0 
2 0 2 5 0 3 0 3 0 5 0 3 0 0 0 3 2 0 0 3 0 3 3 0 5 5 0 3 5 0 0 0 3 0 5 5 4 4 0 2 0 4 0 3 0 2 0 0 0 3 5 2 3 4 2 4 5 3 5 2 0 0 0 0 3 3 3 3 0 4 0 0 0 2 5 0 0 4 0 0 3 3 0 3 3 4 0 5 0 2 0 4 0 0 0 2 0 0 2 2 5 0 5 5 2 5 5 0 2 0 5 0 2 4 0 4 4 4 0 2 0 5 5 4 4 2 3 5 4 0 0 0 3 4 2 5 0 5 0 0 0 5 0 0 0 0 0 0 3 0 0 0 0 3 0 0 2 0 5 0 0 0 3 0 0 0 4 0 0 5 0 3 3 2 0 0 0 0 3 5 0 5 2 5 2 0 0 3 4 2 0 3 5 0 5 0 0 0 4 0 
0 3 0 5 3 0 4 5 0 0 4 0 0 0 0 0 4 4 3 0 4 3 5 2 2 0 3 0 0 4 0 0 0 0 0 0 2 3 5 3 0 0 3 0 3 0 0 5 0 2 5 4 5 4 5 0 0 4 0 3 0 3 0 2 0 2 3 0 0 3 0 4 2 2 0 0 4 0 5 4 3 0 0 5 0 3 3 0 3 4 0 4 4 0 0 2 5 0 0 2 0 0 3 0 0 4 3 2 0 3 3 3 3 4 0 4 0 0 3 0 0 0 3 4 3 0 0 0 0 0 4 0 4 5 3 0 0 0 0 0 3 5 0 0 3 5 4 4 2 5 2 0 5 4 0 0 3 0 2 3 3 4 0 0 2 2 3 0 0 0 5 5 3 0 5 4 5 3 2 0 2 2 3 0 0 4 3 3 0 3 0 3 4 0 0 2 3 0 3 0 
5 0 3 2 5 0 0 0 0 3 0 0 0 5 5 0 3 5 0 0 0 0 0 2 0 0 5 3 3 0 3 5 0 3 2 0 0 0 2 4 0 0 0 4 0 4 0 2 0 3 2 0 0 5 2 0 4 5 2 3 3 2 0 3 2 2 0 0 0 0 0 3 0 4 0 3 0 0 2 5 0 2 0 4 3 0 0 0 0 5 5 0 0 0 5 0 3 0 0 0 0 4 0 5 0 5 3 0 3 3 4 0 0 0 0 0 0 0 5 2 3 0 4 0 4 5 0 0 0 2 3 5 0 0 4 0 4 0 0 4 0 4 4 0 3 2 0 0 0 2 4 4 0 2 5 0 4 2 0 0 5 0 5 0 0 0 5 0 0 4 0 0 5 3 4 0 4 0 0 4 0 0 2 0 4 4 0 4 2 2 0 2 2 5 5 0 0 4 2 3 
2 0 5 0 0 0 0 5 0 0 0 5 0 5 0 0 2 4 0 2 3 5 0 0 0 4 0 3 0 0 0 4 0 3 0 0 2 0 5 0 0 0 0 0 2 0 5 4 0 5 0 3 4 0 0 2 3 0 3 0 0 3 3 0 0 3 3 0 3 0 0 0 3 2 0 4 0 0 0 0 0 5 5 5 0 4 3 0 0 4 0 5 0 0 0 0 0 3 0 4 3 3 4 0 4 4 0 0 0 0 0 0 4 0 4 0 0 4 4 5 0 0 3 0 0 2 4 3 0 0 0 0 0 0 2 3 0 0 0 0 2 5 0 0 5 0 2 4 0 3 3 0 0 0 4 5 5 0 0 0 4 4 0 0 0 5 4 5 5 0 0 4 0 0 5 0 0 0 3 3 0 0 0 4 5 5 5 2 3 0 5 0 0 0 4 0 0 2 2 0 
2 0 0 4 0 0 2 0 4 5 5 0 0 4 0 4 4 2 5 5 0 2 0 3 0 0 0 5 0 5 3 2 0 0 0 0 2 4 3 0 0 0 0 0 2 4 5 3 0 3 2 2 0 4 0 4 5 0 5 0 4 0 0 2 2 0 0 5 0 0 0 0 0 4 0 2 0 2 2 3 4 3 4 2 2 0 0 0 2 0 0 5 4 4 0 0 4 0 5 0 4 0 3 0 4 3 5 4 0 5 0 0 0 5 0 0 0 2 0 0 4 4 4 2 5 0 0 0 0 0 4 3 0 4 3 2 0 0 4 3 0 2 0 0 4 0 0 0 0 5 3 0 0 0 0 0 0 4 5 0 3 4 0 0 3 4 0 0 0 0 3 0 3 3 0 3 0 0 5 0 5 4 2 0 3 2 3 4 0 0 0 0 0 5 0 0 0 3 0 0 
0 0 0 0 0 3 4 0 5 3 2 5 0 0 5 2 0 0 3 0 0 3 0 0 0 0 4 0 0 0 5 3 4 0 0 3 0 0 0 5 3 4 0 2 5 0 0 5 0 0 4 0 4 2 0 0 0 2 3 0 2 5 0 5 2 0 0 3 0 5 0 4 2 0 0 0 0 2 4 2 5 0 0 0 0 0 4 0 0 4 0 0 3 0 5 0 0 4 0 0 4 0 0 5 0 0 3 0 0 3 0 3 4 3 3 0 3 0 5 3 0 0 0 3 5 4 4 0 2 4 0 4 4 3 5 0 4 4 0 0 3 0 0 0 2 0 3 0 0 4 3 4 0 0 3 0 0 0 0 4 0 5 2 4 4 0 0 0 0 0 5 4 0 0 0 4 2 2 0 0 5 5 0 5 3 0 0 5 3 5 5 0 0 5 4 4 4 0 0 3 
5 2 0 0 2 3 0 5 4 0 2 0 0 3 0 3 0 0 5 3 0 3 3 0 4 4 4 5 0 3 4 4 0 4 4 2 5 0 4 0 0 0 0 5 0 3 0 0 2 5 3 0 0 2 0 2 3 0 4 0 5 0 0 4 2 0 5 4 5 2 3 5 3 0 3 0 0 5 2 5 0 0 2 2 3 0 3 0 0 0 0 2 3 0 4 0 2 5 0 0 0 0 4 3 0 4 0 0 0 2 0 3 5 0 0 5 0 0 0 0 3 5 0 0 0 2 0 5 4 0 0 5 0 4 0 0 2 0 0 0 0 3 0 0 2 4 0 4 3 2 0 5 0 4 0 0 4 5 2 3 3 0 0 0 0 2 0 0 0 2 5 0 4 0 4 0 0 4 2 0 2 0 0 0 5 5 0 3 0 0 0 0 0 0 0 0 0 3 0 2 

