100 300

9 9 8 9 6 6 5 5 9 10 10 9 5 10 10 8 5 9 5 9 9 5 6 8 9 8 8 7 7 6 5 7 7 5 7 9 9 8 10 8 8 5 7 7 10 5 9 5 9 6 10 9 8 8 9 8 9 7 8 8 9 7 7 10 10 9 6 10 9 8 7 9 8 10 6 6 10 5 9 7 6 10 6 5 8 7 6 8 8 8 8 5 7 7 7 6 8 6 6 9 

3 2 4 3 3 3 3 3 3 3 3 4 3 4 3 2 4 3 3 4 3 3 4 3 3 3 3 3 4 3 4 4 3 4 3 3 4 3 3 2 4 3 4 2 5 4 4 4 4 3 3 2 4 3 4 4 3 4 3 3 4 3 3 4 2 4 4 4 3 3 4 3 4 3 3 5 4 3 4 3 3 3 3 3 3 2 3 3 3 3 3 3 3 5 3 4 3 4 2 3 3 3 4 4 4 3 3 3 3 5 3 4 3 4 3 4 4 3 3 3 3 4 4 4 4 3 4 4 3 4 3 4 3 3 3 2 4 3 4 3 3 3 4 3 3 3 3 3 5 3 3 5 3 3 2 3 4 4 4 3 4 4 3 3 2 4 3 4 3 4 4 3 3 3 4 4 3 4 3 5 4 4 4 4 4 4 4 3 3 5 3 4 4 4 3 3 3 3 3 3 3 2 5 3 4 4 3 3 3 4 2 3 4 3 4 4 4 4 3 4 4 3 4 4 3 4 4 3 3 4 3 4 4 4 4 4 4 3 3 4 3 2 4 2 3 4 4 4 4 3 3 4 3 4 5 3 3 5 3 3 4 3 3 4 4 3 3 4 4 4 4 4 3 4 3 4 4 4 3 4 3 4 5 3 3 4 4 3 2 3 4 3 3 4 4 4 5 4 3 3 

0 3 0 0 0 0 0 2 0 0 5 0 0 3 0 2 0 0 4 0 0 0 0 0 0 0 0 0 5 0 2 0 2 0 0 5 5 0 4 0 0 5 0 0 0 5 0 0 2 0 0 5 0 0 0 0 0 0 0 0 0 0 5 5 0 0 0 0 4 0 2 0 0 0 0 0 0 3 0 4 0 5 0 0 0 0 0 0 0 0 3 0 0 3 0 2 0 5 0 0 0 0 0 3 0 0 0 0 3 0 0 5 0 0 0 0 3 2 0 0 0 5 4 0 0 0 0 0 0 0 5 4 0 0 0 5 0 0 0 0 0 0 0 2 5 4 0 5 0 0 5 0 0 0 0 0 0 0 0 0 0 0 2 0 0 2 0 0 4 0 0 3 5 0 0 0 0 4 0 5 0 0 0 0 0 4 0 0 0 5 0 0 0 3 2 4 5 0 0 0 0 2 2 0 0 0 0 0 0 2 0 0 3 0 0 0 3 0 4 0 5 0 0 0 3 2 0 0 0 4 0 2 0 2 0 0 0 2 0 0 0 3 0 0 0 2 0 0 2 5 0 4 0 0 4 0 0 0 0 0 0 0 0 3 0 0 0 0 0 0 0 0 0 0 4 0 0 0 0 3 4 0 0 0 0 0 5 2 2 0 0 5 0 0 4 0 4 0 0 0 
0 0 0 0 0 0 0 0 0 0 0 0 0 3 2 0 0 0 0 0 3 0 4 0 2 0 0 2 0 0 0 2 0 0 2 0 0 3 0 4 0 3 0 5 4 0 3 4 0 2 3 0 2 0 3 0 4 4 0 0 3 0 0 0 2 3 0 0 0 0 0 0 0 0 0 0 4 4 0 0 0 5 0 4 0 0 0 0 3 5 5 0 0 0 0 3 0 0 0 3 2 0 0 0 0 0 0 0 0 0 0 0 0 0 0 0 0 0 4 0 0 5 4 0 2 4 3 3 0 0 0 5 0 0 0 2 0 5 0 0 5 3 0 0 4 0 3 2 0 0 0 0 3 0 0 0 0 0 0 0 0 0 0 0 3 2 0 3 3 0 0 0 0 0 0 4 0 0 2 0 5 0 5 3 0 0 0 0 4 0 4 3 4 0 0 0 2 0 3 0 0 0 0 0 0 0 0 0 0 2 0 3 0 0 3 4 4 0 0 3 0 4 0 5 5 0 0 0 0 0 2 5 0 0 0 0 0 0 2 0 4 0 0 0 0 0 0 0 5 3 2 0 0 0 0 0 0 4 4 0 0 4 0 0 0 4 0 0 0 0 4 3 0 0 0 0 0 0 0 0 2 0 0 0 0 0 0 0 2 0 5 0 0 0 0 0 0 0 0 0 
0 0 0 2 0 0 0 2 0 2 0 5 2 5 5 2 0 0 0 0 0 0 0 3 0 0 5 0 5 4 0 0 0 0 0 4 0 0 0 5 0 0 0 0 0 0 0 0 0 0 0 0 0 0 4 5 0 0 0 0 0 3 0 0 0 0 0 0 0 5 0 3 0 2 0 0 0 0 0 0 3 5 0 5 0 0 0 0 0 0 0 0 2 4 4 0 0 5 5 0 0 2 0 0 5 0 2 4 0 0 0 0 0 0 0 3 0 5 0 5 0 0 3 2 0 0 4 0 0 0 2 0 0 0 4 5 3 2 4 0 3 5 4 5 0 0 0 2 0 0 0 4 2 0 0 5 0 0 5 0 0 0 0 0 0 0 5 0 2 0 0 0 0 5 0 0 3 0 0 0 3 0 0 3 0 0 5 0 0 0 0 2 5 0 0 0 0 0 0 0 4 5 0 4 0 2 0 0 0 0 0 0 0 3 0 0 0 0 2 0 0 0 3 2 0 0 0 5 0 0 3 0 0 3 0 0 5 0 4 2 4 0 0 0 2 0 0 0 0 0 0 5 0 0 0 0 0 5 0 0 0 0 4 0 0 0 4 0 0 5 0 0 5 4 2 0 0 5 0 4 4 0 0 0 5 0 5 4 5 0 2 0 0 0 0 0 0 0 2 0 
0 0 0 0 5 4 0 0 0 0 0 0 0 3 0 0 2 0 0 0 0 0 0 0 0 0 2 3 2 3 0 0 0 4 0 0 0 0 0 5 0 0 0 0 0 0 0 0 0 2 0 0 0 4 0 0 3 0 0 0 0 0 4 2 3 0 0 0 0 4 0 0 0 0 0 0 0 3 0 0 0 0 0 4 0 0 0 5 5 2 0 0 0 4 0 2 0 0 0 0 0 2 5 0 0 0 2 2 0 0 0 3 0 0 0 4 0 3 0 0 4 4 0 0 0 0 4 0 2 3 3 2 0 0 0 0 2 0 0 0 0 0 0 0 0 0 0 0 0 0 5 0 0 4 3 0 0 0 0 0 2 3 0 5 0 5 2 0 2 0 0 3 5 2 0 0 5 4 0 0 0 0 5 0 0 0 0 0 2 0 4 0 0 3 0 0 0 0 2 0 0 0 3 3 0 0 0 0 3 0 0 0 0 0 0 0 0 4 0 0 0 3 0 0 0 0 0 4 0 2 2 0 4 3 0 0 0 5 0 0 0 0 3 0 0 0 0 0 0 0 0 5 0 0 0 0 0 0 0 4 0 0 0 0 0 4 0 0 4 0 0 4 0 0 4 0 5 0 0 0 0 0 0 0 2 0 5 0 0 0 0 0 0 0 0 2 0 3 0 2 
0 0 0 0 0 0 0 0 0 3 0 0 0 0 3 2 0 0 3 0 0 0 2 0 0 2 4 5 0 0 0 0 4 0 0 0 0 2 0 0 0 0 0 0 0 4 0 2 2 0 0 3 0 0 0 0 0 0 0 0 0 0 0 0 4 0 0 0 0 0 0 0 0 0 2 0 0 0 0 0 0 0 5 0 0 0 2 0 0 0 4 4 0 0 0 0 0 0 0 3 0 0 0 0 0 0 0 3 0 4 0 3 4 2 0 0 0 0 0 0 3 0 2 0 0 0 0 0 3 0 0 0 0 2 0 0 4 0 4 0 0 3 3 0 4 0 0 0 0 0 5 2 0 0 0 3 0 0 0 2 0 0 0 4 0 0 3 0 0 0 0 0 0 5 0 5 0 4 0 0 0 4 0 0 0 5 3 3 0 0 4 0 0 2 0 5 0 0 0 3 3 3 3 0 0 0 0 0 0 4 0 0 0 0 0 0 2 0 3 0 5 0 2 0 0 5 0 0 0 0 0 0 0 0 0 0 0 5 0 0 0 0 0 0 3 5 2 5 0 0 0 0 5 0 2 0 0 0 4 0 0 0 0 0 2 2 0 2 0 0 5 0 4 0 3 0 0 0 0 0 0 0 0 2 0 0 0 0 0 3 0 3 0 0 0 0 0 2 0 0 
5 0 0 0 0 0 4 0 0 0 4 2 0 0 0 3 0 0 0 0 0 0 4 0 5 0 5 0 3 0 0 0 3 0 0 0 0 0 0 0 0 0 0 2 3 0 2 5 3 0 4 3 0 0 0 0 2 0 0 0 0 0 0 0 0 5 4 0 5 2 0 0 2 0 0 0 0 2 5 0 0 4 0 0 0 0 2 0 0 0 0 3 4 0 0 0 5 0 0 0 0 2 0 0 0 0 0 0 0 2 0 5 0 5 4 4 0 0 5 0 0 3 0 4 0 0 0 0 5 0 0 2 5 0 0 0 5 0 0 4 2 0 0 0 2 0 0 0 4 3 0 5 4 0 3 2 3 0 5 0 0 3 0 2 0 0 0 3 3 0 4 0 4 0 0 0 0 0 0 0 4 5 0 0 3 4 0 0 0 0 0 0 0 0 0 0 0 0 0 0 0 3 0 0 4 0 3 0 3 0 0 4 0 0 0 0 0 0 3 0 0 0 4 3 0 0 5 0 0 0 0 0 3 5 0 5 4 0 0 5 3 0 0 0 5 5 2 4 5 2 0 0 0 4 5 3 0 0 0 0 0 2 0 3 4 5 3 0 2 0 0 4 0 0 3 0 5 0 0 3 4 0 3 0 0 0 0 0 0 3 0 0 0 0 0 0 0 0 3 3 
0 0 3 3 0 2 0 2 0 0 0 2 0 0 5 0 0 0 4 0 0 0 0 3 0 3 2 0 5 4 4 0 0 0 0 0 3 3 0 0 3 0 0 0 0 4 0 0 5 3 0 0 0 0 0 3 0 0 2 0 0 4 0 0 5 0 0 4 0 0 0 0 0 0 3 0 4 0 0 0 2 3 0 0 0 0 0 0 0 0 0 0 0 2 3 4 0 3 0 0 0 0 0 0 0 0 3 3 0 0 0 0 3 0 0 5 3 0 3 3 0 0 0 0 2 5 0 0 0 0 0 0 5 0 3 3 5 0 0 0 0 0 0 4 5 4 0 0 0 0 0 5 3 0 0 0 4 0 0 3 0 0 0 0 0 0 3 3 0 0 0 0 2 0 0 0 0 3 3 0 0 5 0 4 0 4 0 0 0 3 0 0 0 0 0 0 0 4 0 0 0 0 0 0 0 0 0 0 0 0 0 0 0 3 5 3 0 5 0 0 5 4 0 0 4 0 5 3 0 0 3 4 0 0 2 0 0 0 0 0 0 0 0 0 5 0 0 0 3 0 0 3 3 0 0 0 0 0 2 0 0 0 2 0 0 2 5 5 4 2 0 4 5 0 0 0 0 3 0 0 4 0 5 0 0 0 0 4 0 5 0 0 5 0 0 0 0 0 0 0 
0 0 0 0 0 0 4 0 0 2 0 0 4 0 4 0 0 0 0 3 0 0 3 0 3 0 5 0 0 0 0 0 0 0 2 0 0 0 0 0 0 0 0 0 0 3 0 0 0 0 0 0 0 0 0 0 2 0 0 0 0 0 0 0 0 0 0 0 2 5 0 5 0 0 0 4 0 0 2 0 0 4 0 0 0 0 0 0 2 3 0 0 5 0 5 4 0 4 3 0 5 0 0 0 4 0 0 0 0 3 0 2 0 0 0 0 0 3 0 3 5 0 2 0 0 0 0 0 0 0 0 0 3 0 3 5 0 0 0 2 3 0 0 0 0 2 0 0 0 3 0 0 0 0 0 0 4 2 0 0 5 0 0 0 0 0 0 0 4 5 0 0 4 0 4 0 2 0 0 3 0 0 0 4 0 0 0 0 0 0 0 0 3 0 0 0 2 0 4 0 0 0 0 0 0 0 5 0 0 0 0 0 5 0 4 0 0 0 0 0 0 4 0 0 4 0 0 0 0 0 2 0 0 4 0 0 5 4 0 4 0 2 0 0 0 0 0 0 0 0 0 0 0 4 4 0 2 0 4 0 2 0 0 0 0 2 0 0 3 0 0 2 4 0 0 0 5 0 0 0 0 0 0 0 0 0 2 4 0 0 0 4 0 0 5 0 0 4 4 4 
0 0 4 0 0 5 0 0 5 2 4 0 0 0 0 0 0 0 0 2 0 4 0 0 0 0 0 0 0 0 0 0 2 5 0 0 4 0 0 5 0 0 0 0 3 0 4 0 0 3 5 4 0 0 0 5 0 0 2 0 0 0 5 0 0 0 0 3 0 3 0 0 0 0 0 4 0 0 4 0 0 0 0 5 0 4 0 0 4 0 0 0 0 0 2 0 4 5 0 0 0 3 0 0 4 5 0 0 2 5 0 0 4 0 0 5 0 3 0 0 0 2 2 4 0 0 0 0 2 0 0 0 0 0 0 5 4 0 0 0 0 4 0 0 0 0 0 0 0 0 5 3 0 0 0 2 0 0 0 0 5 5 3 2 2 0 5 0 0 0 0 0 4 5 0 4 0 0 0 0 0 5 0 0 0 3 0 0 0 0 0 0 0 0 2 0 5 0 2 2 0 0 0 0 0 0 0 0 0 2 5 0 0 0 0 5 0 3 3 0 0 0 5 2 0 0 0 4 3 5 0 0 0 0 0 2 2 0 4 0 5 0 0 2 0 2 0 0 0 0 0 2 0 0 0 0 4 0 0 0 0 2 0 2 0 0 0 0 0 0 2 0 2 0 0 5 0 0 0 0 0 0 0 3 0 0 4 3 0 0 4 0 0 0 0 0 0 0 0 0 
0 2 0 0 0 0 0 0 0 0 5 2 0 0 0 5 0 0 0 0 3 3 0 0 0 2 5 0 0 0 4 0 4 0 0 3 0 0 0 0 0 0 3 0 0 0 0 2 0 0 2 0 2 0 0 0 0 0 2 4 5 2 2 0 0 0 4 2 0 0 2 0 0 4 0 0 4 0 0 0 0 0 0 3 4 0 3 4 3 4 0 0 0 0 0 0 0 2 0 0 3 0 0 0 0 0 4 0 0 0 0 5 0 0 4 0 0 0 0 0 0 0 0 0 0 2 0 3 0 0 0 0 0 0 0 0 0 2 3 0 3 0 0 0 0 0 0 2 0 0 0 0 2 5 0 0 0 2 0 0 3 0 0 4 0 0 0 4 2 0 5 3 0 0 0 5 0 0 0 0 0 0 3 0 0 4 3 0 0 0 0 0 0 0 0 0 3 0 0 3 3 0 3 0 0 0 5 0 0 5 0 4 0 0 0 0 0 0 2 0 5 0 0 0 0 3 3 4 4 0 0 0 0 4 0 0 0 5 0 0 0 0 0 3 5 0 0 0 0 0 0 5 3 0 0 0 0 0 5 0 0 0 0 5 0 0 0 0 4 0 0 0 5 0 2 0 2 0 0 0 0 0 0 0 2 0 2 0 0 5 0 0 0 0 0 0 0 0 0 4 
0 0 0 0 3 0 0 0 2 3 2 0 0 0 2 0 0 4 0 0 0 3 0 3 0 0 0 2 0 0 0 0 4 2 0 0 2 0 0 0 0 0 0 0 0 0 0 0 2 0 5 0 0 0 0 0 0 0 5 0 3 0 5 0 5 0 0 0 0 0 0 0 0 0 2 0 0 0 0 3 0 4 0 3 0 0 0 5 0 0 3 0 0 0 0 5 0 0 2 0 0 0 0 5 5 0 0 0 0 0 0 0 4 5 0 0 3 0 0 0 0 2 0 0 0 0 0 0 0 0 0 0 0 2 0 0 4 2 0 0 0 4 3 3 0 0 0 0 3 0 0 3 2 0 0 3 0 0 0 3 0 2 4 5 0 0 5 5 0 2 0 0 2 0 0 0 0 0 0 5 0 0 0 0 0 0 3 0 0 0 4 2 0 0 0 0 0 0 0 0 0 0 3 0 5 0 0 0 5 0 0 0 5 0 0 0 0 3 0 0 0 3 0 0 0 0 0 4 0 0 0 0 5 0 0 4 0 4 0 4 0 0 0 4 0 0 5 4 3 4 0 0 0 0 0 0 0 0 0 0 3 0 0 0 0 3 0 0 4 0 4 0 0 5 0 0 0 0 0 5 0 5 3 0 0 0 0 0 4 0 3 0 3 0 5 0 4 0 4 0 
4 0 0 0 0 5 0 0 3 0 2 0 5 0 0 0 0 0 4 5 0 0 0 0 2 5 5 5 0 5 0 3 0 0 0 3 4 0 5 0 0 0 0 0 0 0 5 0 0 0 0 2 2 0 0 5 0 0 0 0 0 0 0 0 4 0 0 0 0 0 0 0 2 0 0 0 2 0 0 2 0 4 0 5 3 0 2 5 0 0 0 3 0 0 5 4 0 0 0 0 0 0 2 0 0 0 0 0 0 2 0 0 0 3 0 0 0 4 0 5 5 4 0 3 0 0 0 4 0 5 0 0 4 2 0 0 4 0 0 2 3 0 0 0 0 2 0 0 0 0 0 3 3 0 0 0 0 0 0 3 0 0 4 0 0 0 0 0 0 0 0 0 0 0 0 0 2 0 0 0 0 0 0 0 3 0 0 0 0 0 0 0 3 2 0 2 0 4 0 0 0 0 3 0 0 0 4 0 0 4 0 0 2 3 5 0 0 0 5 5 0 0 0 0 0 4 0 2 0 2 0 0 0 0 0 0 5 0 2 3 3 0 0 5 0 4 0 2 0 0 0 0 4 0 0 0 0 0 0 0 0 0 0 0 0 0 0 0 3 0 0 4 0 0 5 0 5 4 0 0 5 0 3 0 5 0 0 5 0 0 5 2 0 0 3 4 3 0 0 0 
3 0 0 0 0 0 0 4 3 0 0 0 0 0 0 0 0 0 5 0 0 0 0 5 0 0 4 0 0 0 0 0 2 5 0 0 0 0 0 3 5 0 0 0 5 0 0 2 0 0 0 0 0 0 0 0 0 2 0 0 3 0 0 0 3 5 4 0 0 0 0 4 0 0 0 0 0 3 0 0 4 0 2 0 0 0 5 0 0 5 0 0 0 0 4 4 0 0 0 0 0 4 0 0 0 0 0 3 0 0 0 0 0 0 4 0 0 0 2 0 0 2 0 4 0 0 0 5 5 0 0 0 0 0 3 0 0 0 4 0 0 2 5 2 0 0 0 3 2 0 0 0 0 0 4 5 0 0 0 0 2 0 2 5 0 0 0 3 0 0 0 0 0 0 0 0 0 4 2 4 0 0 0 0 2 0 5 0 0 0 4 0 0 0 0 0 0 0 5 0 0 0 0 0 0 4 0 0 4 0 0 0 4 0 0 0 0 3 0 0 0 0 0 5 0 0 0 0 4 0 0 0 0 0 0 2 0 0 0 3 0 0 0 5 0 4 0 0 3 0 5 0 3 0 0 0 0 0 0 0 0 0 0 0 0 4 5 0 5 0 0 2 0 2 0 2 0 0 0 0 2 0 0 3 0 0 3 0 0 0 0 0 0 0 0 0 5 4 0 0 
5 0 0 3 3 3 4 2 0 0 4 0 0 0 0 3 0 3 4 4 0 0 0 0 0 4 0 3 2 2 0 0 3 2 4 0 0 0 0 0 3 0 0 0 0 0 5 0 0 0 0 5 0 0 3 2 0 5 0 0 0 0 0 2 2 0 0 5 0 0 0 2 0 0 0 0 0 4 0 0 3 0 0 5 5 0 0 0 0 0 0 0 3 2 0 0 0 0 0 0 4 0 4 0 4 0 0 0 2 0 0 5 0 0 0 0 0 3 4 4 0 2 3 0 0 3 4 0 5 0 4 0 0 0 0 0 0 0 0 0 0 0 0 0 0 0 0 0 0 0 0 5 0 2 0 2 0 3 3 0 3 0 0 3 0 5 0 3 0 3 4 0 3 0 2 0 4 0 0 0 0 0 4 4 0 0 0 0 2 0 0 3 0 0 3 5 5 0 0 0 0 0 0 0 4 0 0 0 0 2 0 0 0 0 0 2 0 4 3 0 0 0 0 0 5 0 0 0 0 4 0 2 3 0 2 4 3 5 3 0 4 0 0 0 0 0 0 0 0 0 0 3 0 0 3 0 2 4 0 0 0 0 5 0 0 5 0 0 5 0 0 0 2 0 0 0 0 0 2 5 0 0 3 0 0 0 0 0 0 2 0 0 4 0 3 0 0 0 0 0 
0 0 0 0 0 0 3 0 4 0 2 0 0 0 5 0 0 5 0 0 0 0 0 0 5 3 0 0 3 0 4 0 0 0 0 3 0 4 2 0 5 0 0 0 0 0 2 0 2 3 3 0 3 2 0 0 4 2 0 0 4 0 0 0 2 0 0 0 3 5 0 0 0 0 0 0 0 0 4 0 2 0 0 0 5 0 0 0 0 0 0 2 0 0 4 2 0 0 0 4 0 0 4 0 0 5 0 2 2 4 0 0 5 0 0 0 0 3 0 5 0 0 0 0 3 4 0 0 4 2 0 2 0 0 0 0 5 0 0 0 5 0 0 0 0 0 3 2 0 0 0 0 0 2 0 0 0 4 2 0 0 2 0 2 0 0 0 4 5 0 3 0 0 0 3 0 0 3 0 0 0 0 0 0 2 0 0 0 2 5 4 0 0 0 0 0 2 3 0 0 0 3 0 5 0 5 0 4 3 0 0 0 0 0 2 0 0 0 0 0 0 5 3 0 0 0 0 0 0 5 0 0 0 0 0 3 0 4 2 4 2 0 0 0 0 0 0 3 0 0 0 0 0 0 3 0 0 0 4 0 4 0 0 2 5 5 0 2 4 0 0 0 5 2 0 0 0 0 5 0 2 5 2 0 0 0 0 0 0 2 0 0 0 0 2 4 0 3 0 0 
0 2 0 0 0 0 0 0 0 0 2 0 0 0 0 0 0 0 0 3 2 0 4 0 4 0 0 0 0 0 0 0 5 0 0 0 0 4 0 4 0 0 5 0 5 2 0 3 0 0 2 0 5 0 0 0 3 0 0 0 0 3 0 0 0 4 0 3 0 4 0 0 4 0 5 0 0 3 2 0 0 0 2 2 0 0 3 4 0 0 0 0 0 0 0 2 0 0 0 0 0 0 0 0 0 0 0 0 4 0 0 4 0 4 4 0 0 0 0 0 3 0 0 0 5 0 0 0 0 0 5 0 0 0 3 4 5 5 0 2 0 3 3 0 0 0 3 0 2 0 0 0 2 0 5 0 0 0 0 0 3 5 2 0 2 4 0 0 3 4 0 0 0 0 0 0 0 3 0 5 4 2 0 0 5 3 5 4 0 4 0 0 0 0 0 0 0 0 4 0 0 0 0 0 2 0 0 5 0 0 4 2 0 0 2 0 0 0 0 4 0 0 0 0 0 5 0 0 0 0 0 4 0 0 0 0 0 2 0 5 0 3 0 4 0 0 3 0 2 0 0 3 4 0 0 0 0 3 0 0 0 0 3 0 0 0 0 5 0 5 0 4 0 4 5 0 0 0 5 0 0 5 0 0 0 4 0 0 0 0 2 0 0 5 0 0 0 0 0 3 
0 0 0 0 0 5 0 2 0 0 5 5 3 4 2 3 0 3 0 0 2 0 0 2 0 5 0 3 0 0 4 0 0 0 0 0 0 2 0 2 3 0 0 0 0 0 5 0 3 0 0 0 5 0 5 0 2 0 0 0 0 0 0 0 0 0 0 0 0 5 0 0 0 0 2 0 0 2 0 2 0 2 0 0 0 0 0 0 2 0 0 0 2 2 4 0 5 0 0 0 5 0 0 0 0 0 4 4 0 4 0 0 2 3 3 0 0 0 2 0 0 0 0 0 0 2 0 0 0 0 5 0 0 0 0 0 0 0 0 5 0 0 0 0 0 5 2 0 0 0 0 0 0 0 0 5 0 0 3 0 4 0 2 2 3 0 0 4 0 3 0 0 0 0 0 0 0 0 0 0 2 3 4 0 0 0 0 0 5 2 0 5 0 0 0 0 0 0 0 2 4 0 0 0 0 3 0 0 0 0 0 0 0 0 4 2 0 0 2 0 0 0 2 0 2 3 2 0 0 0 0 0 0 0 0 3 0 0 2 0 0 3 4 0 0 0 0 3 0 5 0 0 0 0 0 0 0 5 0 0 0 0 0 0 0 5 4 0 0 0 0 0 0 0 0 4 2 0 0 0 0 0 0 5 0 0 3 0 0 0 5 0 4 0 0 0 0 0 0 5 
0 0 0 5 0 0 4 3 0 3 0 0 0 3 0 0 0 0 3 0 0 0 0 0 5 0 0 0 3 5 0 0 5 0 5 0 0 2 0 0 3 3 0 0 0 0 0 0 0 0 4 0 4 0 5 0 0 0 0 0 2 0 0 3 0 0 4 0 0 0 0 0 0 5 0 3 4 0 0 0 0 0 3 0 0 0 0 0 0 0 3 0 5 0 5 2 0 0 5 0 0 4 0 4 0 0 0 0 0 3 0 0 0 5 2 0 0 0 5 0 4 0 3 0 0 2 0 5 0 5 0 0 3 3 0 0 2 0 4 0 0 2 0 0 0 3 4 2 0 2 0 3 0 2 0 5 3 0 2 0 0 0 0 0 2 0 0 0 0 0 0 0 0 0 4 2 0 4 0 2 0 3 0 0 0 5 4 0 0 3 0 0 0 0 0 0 0 0 0 4 3 0 0 0 0 0 0 0 0 4 2 0 0 4 0 5 0 0 0 0 3 0 0 0 0 3 0 3 4 0 0 0 0 0 0 5 4 0 0 0 0 0 0 0 0 4 0 0 4 2 0 0 0 4 3 0 0 0 3 0 0 0 0 0 0 0 0 5 5 3 4 0 0 0 0 0 4 0 0 0 3 0 0 4 0 0 4 0 3 4 0 2 0 3 4 0 0 0 4 0 
2 0 0 0 0 0 5 4 0 0 0 0 2 0 2 0 0 3 0 0 0 2 0 0 0 3 0 0 3 5 2 5 4 0 0 0 0 4 0 0 0 4 0 0 0 0 0 0 0 0 0 4 0 0 5 0 0 4 3 0 3 3 0 0 0 0 0 0 3 0 0 5 0 0 0 3 0 0 5 4 0 0 3 0 4 0 0 2 0 5 5 2 0 0 0 0 0 0 2 0 0 0 0 0 0 0 4 0 0 0 3 0 5 5 0 3 0 5 0 0 0 0 0 0 0 3 0 0 3 4 0 0 0 0 2 0 0 2 0 3 0 0 0 0 5 0 0 3 0 4 0 0 0 2 0 0 3 0 0 3 0 0 0 5 5 0 2 0 4 0 0 0 0 4 4 0 0 0 4 0 2 0 0 0 0 0 0 0 4 5 0 0 2 0 2 0 0 3 0 0 0 3 0 5 3 3 0 0 5 3 2 0 0 0 3 0 0 0 0 0 0 0 0 0 0 4 2 0 0 0 0 0 0 0 0 0 0 0 0 0 0 0 0 3 0 3 4 2 0 3 5 0 0 0 0 0 0 0 4 0 0 0 0 0 0 0 3 4 0 2 0 0 3 0 2 0 5 4 0 0 0 0 0 0 0 0 0 0 3 0 2 0 4 0 4 0 0 0 0 0 
0 0 0 5 0 0 0 0 0 0 0 0 3 0 0 3 0 0 0 0 0 0 3 0 0 0 0 5 0 2 0 0 0 0 0 0 0 3 5 3 0 0 0 0 0 0 0 0 0 0 5 0 5 2 0 0 0 0 0 0 0 4 0 0 2 0 0 0 4 0 0 4 0 0 0 0 0 0 0 0 4 0 4 0 0 4 0 5 0 2 0 0 0 5 3 0 0 0 0 0 0 0 0 0 0 0 0 0 0 0 0 0 0 2 4 2 0 0 0 0 2 3 0 0 4 0 0 0 0 0 0 5 0 5 0 0 0 0 3 3 0 0 0 0 0 0 3 0 2 0 0 3 0 0 5 4 0 0 0 0 0 0 0 4 0 0 0 0 0 0 0 0 0 0 0 0 0 0 4 0 0 2 0 0 0 0 0 3 0 4 0 0 0 0 0 0 0 0 0 0 0 0 0 0 0 4 0 0 0 0 2 0 0 5 0 3 0 0 0 2 0 0 3 2 0 0 0 0 0 0 5 0 5 3 3 0 0 0 0 0 0 3 4 0 5 0 0 0 0 0 3 3 0 0 4 4 0 5 0 0 0 0 0 2 0 0 3 0 0 0 0 0 0 0 0 0 0 0 3 4 0 0 0 5 0 4 0 0 0 0 2 4 0 0 3 0 0 5 0 0 
0 0 3 0 0 0 5 0 0 0 0 0 2 2 0 5 2 5 2 0 0 0 0 0 0 0 2 0 4 0 0 0 0 0 3 0 3 2 0 0 0 0 0 0 5 0 0 0 5 0 0 0 2 0 0 0 0 4 0 0 0 2 3 2 0 0 0 0 3 0 2 0 0 0 0 0 0 0 0 4 0 0 3 0 0 4 0 3 0 0 0 0 0 0 4 0 0 0 0 0 0 3 0 0 0 0 3 0 5 0 0 0 0 0 3 0 0 0 0 0 0 0 0 0 5 3 0 0 4 3 3 0 0 0 0 0 2 5 0 0 0 0 0 2 3 0 5 3 0 3 0 0 0 0 4 0 3 2 0 0 0 0 0 2 0 0 0 0 0 0 4 0 0 0 2 0 2 0 5 0 0 3 5 0 0 0 0 0 0 0 0 2 5 3 0 0 0 0 4 0 2 0 3 0 0 5 0 0 0 5 0 5 0 0 0 0 0 3 0 0 0 0 0 5 3 0 0 4 0 0 5 2 0 2 2 0 0 4 0 0 3 2 0 0 0 0 0 0 0 0 0 4 3 5 3 2 0 0 0 0 5 0 0 5 0 0 0 0 0 0 0 5 0 0 0 0 5 0 3 0 2 4 0 0 0 5 4 0 0 0 0 0 0 0 0 0 0 0 0 0 
4 0 0 0 3 0 4 0 4 3 0 2 0 4 0 0 0 0 3 4 4 3 0 0 0 0 0 2 3 0 0 0 5 0 0 5 2 3 2 0 0 0 4 0 5 5 0 0 0 2 3 0 0 0 0 2 0 0 3 0 0 0 0 3 0 0 0 0 0 0 0 0 0 0 0 2 2 0 2 0 3 3 2 0 0 0 0 0 3 0 0 4 3 0 0 0 3 3 0 3 0 2 0 0 0 0 3 0 0 0 2 0 0 0 0 0 0 0 0 0 5 0 0 0 0 3 3 0 0 4 0 0 0 0 0 0 3 5 3 2 0 0 0 3 0 0 0 0 3 4 4 0 5 0 0 5 0 2 0 2 0 0 2 0 0 0 0 2 3 4 0 0 0 0 0 2 0 0 0 0 5 5 0 0 0 0 0 0 0 0 0 0 0 0 0 0 0 0 4 0 0 4 0 0 0 0 2 0 0 0 3 3 0 0 0 0 0 2 0 2 0 0 0 0 0 0 0 0 0 0 0 3 4 0 0 0 0 0 5 0 0 0 0 0 0 5 3 0 4 0 0 5 0 0 0 0 2 5 3 0 0 0 0 0 4 0 0 2 0 4 0 0 3 5 0 0 5 4 2 0 0 0 0 0 0 5 0 5 5 0 4 0 0 2 2 0 0 5 0 0 
0 0 0 4 4 0 0 0 0 0 3 0 0 0 0 0 0 0 4 3 0 5 4 3 0 0 5 0 3 0 0 0 0 0 0 0 4 0 0 4 0 4 4 0 3 0 0 0 0 0 0 3 0 5 2 0 0 0 0 0 0 0 5 0 0 0 2 0 0 0 0 2 0 0 4 0 3 2 3 0 0 0 0 0 2 0 2 0 3 0 0 0 0 0 0 0 0 0 4 0 0 5 5 5 0 0 0 0 3 3 0 0 0 0 0 0 0 2 4 0 0 0 0 0 3 0 3 3 0 2 0 0 0 0 0 0 0 5 5 0 0 2 3 0 5 0 0 0 2 0 5 0 2 0 0 0 0 0 0 0 5 0 0 5 0 0 4 4 0 0 0 0 0 0 4 4 2 0 0 0 0 0 0 0 3 4 0 0 0 4 4 5 0 0 3 2 0 5 0 0 0 0 0 0 3 0 0 0 0 0 0 0 0 0 0 2 4 0 0 0 0 0 0 0 0 0 0 0 2 0 4 0 2 0 4 3 0 0 0 0 0 0 0 0 4 0 0 0 0 0 2 0 0 2 4 0 2 0 0 0 3 0 0 2 5 0 0 0 2 3 0 0 4 4 0 5 0 0 0 0 3 0 0 0 2 0 0 0 0 0 0 0 0 3 0 0 4 2 2 0 
0 0 0 0 0 0 0 0 0 4 0 0 2 0 0 4 0 3 0 5 0 0 4 0 0 0 3 4 4 0 0 0 0 0 0 0 4 2 0 0 3 0 0 4 0 0 0 3 0 0 3 4 0 4 0 0 5 0 0 4 2 0 0 5 0 4 3 5 0 4 0 0 0 0 0 0 3 0 0 0 0 0 0 0 0 0 3 4 0 0 4 0 0 0 0 0 0 0 0 0 0 0 0 0 0 0 2 0 0 0 0 0 0 2 0 5 0 5 0 0 0 0 3 0 0 0 5 0 0 0 0 0 0 2 0 0 0 3 0 4 4 5 0 4 0 0 4 0 0 0 0 0 0 0 0 0 0 4 3 3 0 0 4 0 0 0 0 0 0 0 0 0 0 0 3 0 4 5 2 0 0 5 0 0 0 0 2 0 0 0 0 0 0 0 2 5 0 5 2 0 5 2 3 0 0 0 0 0 0 3 0 5 0 0 4 0 0 0 0 2 0 2 0 4 0 0 0 0 0 0 0 0 0 0 0 0 0 0 0 0 0 0 0 0 0 0 5 0 3 0 5 0 0 0 4 0 0 2 0 0 2 0 0 0 0 0 0 5 0 0 0 0 0 0 0 0 0 0 2 3 2 0 0 2 0 0 0 0 0 0 0 2 0 3 2 5 0 2 0 0 
0 4 2 2 0 4 0 0 0 0 0 0 4 3 2 5 0 4 0 0 0 4 0 0 0 0 0 4 0 4 0 0 4 4 0 0 0 0 0 0 0 0 0 0 0 0 2 2 0 0 0 0 0 5 0 0 2 0 0 2 0 2 0 0 0 5 0 0 0 0 0 0 0 0 0 0 4 0 4 0 3 0 0 0 3 3 3 0 0 0 0 0 0 0 0 0 0 0 0 0 0 0 2 0 0 0 3 0 0 0 2 0 5 0 0 2 4 0 0 0 0 0 0 0 0 0 0 0 0 0 0 0 0 0 0 0 0 3 0 0 0 0 0 2 0 0 4 2 0 0 0 0 0 0 0 4 0 0 0 0 0 2 0 3 0 0 0 0 0 0 5 0 0 2 0 0 5 4 0 4 0 5 2 0 5 0 3 0 0 2 5 4 0 5 0 0 2 0 5 0 2 0 5 0 0 0 0 0 4 3 0 0 0 0 0 0 0 5 0 0 0 5 2 0 0 4 0 0 0 0 0 3 0 5 0 4 0 2 0 0 0 2 5 0 0 4 0 3 0 0 0 0 0 0 0 0 4 0 5 0 0 0 0 0 0 5 4 0 0 0 0 0 5 0 5 2 4 3 4 0 2 2 0 0 4 0 3 0 0 0 0 0 0 0 0 0 0 5 0 0 
0 5 0 5 0 4 0 0 0 0 0 4 0 0 0 0 0 0 0 0 0 0 0 0 5 0 3 2 0 0 0 0 0 0 2 0 0 0 0 0 0 5 0 2 4 0 5 0 3 4 3 4 3 0 2 0 4 0 5 0 5 0 5 0 0 0 0 0 0 3 0 4 0 0 0 5 3 0 0 0 0 0 3 0 0 0 0 0 0 0 4 0 2 0 2 4 4 4 5 5 0 5 0 2 0 0 0 5 0 2 0 0 4 0 2 0 0 0 4 0 0 4 0 4 0 0 0 0 0 0 0 0 4 5 0 0 5 0 0 0 5 0 0 0 4 0 5 5 0 0 0 0 2 0 0 0 0 4 0 0 0 0 0 0 0 0 0 0 2 0 2 0 0 0 0 4 0 0 0 0 4 2 2 2 0 0 0 0 0 0 3 3 0 0 0 0 0 0 2 0 0 0 4 0 0 2 0 4 5 0 0 0 0 0 0 0 0 5 3 0 0 0 0 5 2 4 0 5 0 0 0 3 0 5 0 5 0 0 0 0 0 0 0 0 0 3 0 0 0 0 2 0 0 0 3 0 0 0 2 5 4 5 0 0 0 3 0 0 0 0 0 0 0 2 0 2 5 0 4 0 0 0 0 0 0 4 5 0 3 0 0 0 4 0 0 2 0 0 0 0 
3 0 5 0 0 0 2 3 0 0 0 0 0 0 0 5 3 0 0 0 0 0 0 0 0 0 3 5 0 0 3 3 0 0 0 0 0 0 0 0 0 0 2 0 0 0 0 0 0 0 0 0 5 2 0 0 0 5 3 5 0 0 3 0 0 4 0 0 0 4 0 0 0 0 0 0 0 0 0 3 0 0 0 4 0 0 0 0 0 0 0 0 2 0 0 0 5 0 3 3 0 4 0 0 0 4 0 0 0 3 2 3 0 0 0 0 0 0 3 0 0 0 0 0 0 4 0 0 0 0 0 0 0 0 0 4 0 3 0 0 0 0 0 3 2 5 2 0 0 0 0 0 0 0 5 0 0 5 0 0 0 0 0 0 3 0 0 0 0 3 0 0 0 0 3 0 0 0 0 0 3 0 0 0 0 0 2 5 0 0 4 4 0 2 0 4 0 0 0 0 0 3 4 0 0 2 0 0 0 0 0 0 5 0 0 2 0 0 0 0 0 0 0 0 0 0 0 0 2 0 0 0 0 0 0 0 0 0 4 0 4 2 4 0 0 0 0 2 0 0 0 5 0 5 2 0 0 0 0 4 4 0 0 0 0 0 0 0 0 0 0 0 0 0 2 0 0 0 0 0 0 0 0 0 0 0 5 4 0 0 0 2 0 0 0 0 0 4 0 0 
0 0 0 0 0 0 5 3 3 2 0 0 0 0 5 0 5 0 0 0 3 0 0 2 2 0 0 0 0 0 0 0 0 0 0 0 0 0 0 0 0 3 0 0 0 0 3 0 0 0 0 0 4 0 0 0 0 0 4 0 0 0 0 0 0 5 3 0 0 0 0 4 0 0 2 2 2 0 0 0 0 0 0 0 0 4 5 0 4 0 0 0 0 0 4 0 0 0 0 2 2 0 0 0 0 0 0 2 0 0 4 0 3 0 0 3 4 4 0 0 0 0 0 0 0 3 4 0 0 0 5 2 2 0 0 0 0 2 0 0 0 2 0 2 4 0 3 0 0 0 5 0 0 3 0 0 0 3 0 5 4 0 0 0 0 4 0 3 0 4 0 2 0 2 0 0 0 0 0 5 0 0 3 0 0 0 3 0 0 0 5 4 5 4 0 0 0 0 0 0 0 0 2 0 0 0 0 0 5 0 0 0 0 0 0 0 0 5 3 5 0 0 0 0 0 4 0 2 0 0 4 0 2 2 0 0 0 0 5 5 0 5 0 0 3 5 0 0 0 0 0 0 3 0 0 0 4 0 5 0 0 0 0 0 0 0 0 0 0 0 0 0 0 0 2 2 0 0 0 5 0 5 0 0 2 3 0 5 0 0 0 3 5 0 5 0 0 0 0 5 
0 4 0 5 0 0 3 0 0 3 0 0 0 5 2 0 4 5 0 0 0 4 0 0 0 0 0 0 0 0 0 0 2 3 0 0 4 3 0 5 3 0 3 5 0 0 0 5 0 4 0 0 0 2 0 0 0 3 3 0 3 0 5 0 0 4 3 0 0 0 5 0 0 0 0 2 5 0 0 4 0 4 0 3 5 0 4 0 0 0 4 0 0 4 4 0 2 0 0 0 3 5 0 0 0 0 3 4 3 5 0 0 3 0 4 5 4 0 0 0 3 0 0 5 0 0 0 0 0 0 0 0 0 0 3 0 0 3 0 0 0 5 2 5 0 0 0 0 4 5 0 0 0 0 0 0 5 4 0 5 0 0 0 0 0 0 0 0 3 4 2 5 3 0 0 0 0 4 0 5 2 0 0 0 3 0 2 0 5 0 0 2 0 0 0 0 4 0 2 0 0 0 5 0 0 0 0 4 0 0 0 0 0 0 4 0 0 4 0 0 5 0 0 0 0 0 0 5 3 0 0 5 0 3 0 3 0 0 2 5 3 0 0 0 3 3 0 5 0 0 3 0 3 4 0 0 2 3 0 0 0 5 0 2 0 0 0 0 0 0 0 2 0 3 0 0 0 0 2 3 0 0 4 0 0 0 0 3 0 0 0 0 0 0 0 0 0 4 0 4 
0 0 0 0 0 0 0 0 3 2 0 0 0 0 0 0 0 0 4 4 0 0 0 0 0 0 5 4 0 4 0 0 4 0 0 2 0 0 0 4 0 3 0 0 3 0 3 0 3 3 0 0 5 0 4 3 3 0 0 3 4 0 0 0 3 0 0 0 0 0 0 0 0 3 0 0 0 3 0 5 3 0 0 0 0 0 0 0 0 0 4 0 0 2 0 3 0 0 0 0 0 0 0 0 0 0 0 0 0 0 0 0 0 0 0 0 0 3 0 4 0 0 5 0 0 2 0 0 0 0 0 0 0 0 5 4 0 2 3 0 0 0 0 0 0 4 2 0 0 2 0 0 0 0 0 0 0 0 3 5 5 5 0 5 4 3 3 4 0 0 0 0 0 0 3 0 0 0 3 0 4 4 0 0 4 5 5 0 0 0 0 0 0 0 2 0 0 0 5 2 0 3 0 0 4 0 3 4 0 4 0 0 4 0 0 0 0 0 0 4 0 0 5 0 4 0 0 0 0 0 2 0 0 0 0 0 0 0 0 3 4 3 0 0 0 0 0 0 4 4 0 2 4 0 0 2 5 2 0 0 0 0 0 0 0 0 0 0 5 0 0 0 0 0 0 0 0 2 4 0 3 0 0 0 0 4 0 2 0 2 0 0 0 0 3 4 0 0 0 4 
0 0 2 0 0 5 0 0 0 0 4 0 0 0 0 4 0 0 0 0 0 0 4 0 0 5 0 0 0 0 0 0 0 0 0 2 0 3 3 0 0 0 4 0 0 0 5 2 0 5 0 0 0 0 0 0 0 0 0 0 5 0 0 0 5 0 0 0 0 3 4 2 0 2 0 0 4 0 0 0 2 5 0 0 0 2 0 0 3 0 0 0 0 2 0 0 0 0 5 0 5 0 0 0 0 0 0 3 0 0 0 0 0 2 0 5 5 2 3 0 0 0 0 0 0 0 3 2 0 0 0 0 5 0 0 0 3 0 0 0 0 5 0 4 5 0 0 0 0 0 0 0 0 3 0 0 0 5 0 5 0 3 5 0 0 0 0 0 0 0 0 5 0 3 3 0 0 0 0 0 0 4 5 0 0 2 0 4 0 0 0 4 0 3 0 0 0 0 2 0 0 0 2 3 0 0 0 0 5 5 2 0 5 5 0 5 0 0 2 0 0 5 0 5 4 4 0 2 0 0 3 0 4 2 0 0 0 0 0 2 0 0 2 4 0 0 4 0 0 0 0 3 0 0 0 0 0 0 0 0 0 3 0 4 0 2 0 3 0 2 0 0 0 3 0 0 4 0 0 3 0 2 0 0 0 4 0 0 0 0 0 0 5 0 0 0 0 0 0 5 
2 0 3 2 4 3 0 0 0 0 0 0 0 0 0 0 0 0 0 0 0 0 5 3 0 0 0 0 2 2 2 0 0 0 3 0 0 0 0 0 0 0 5 5 0 0 0 0 0 0 0 0 0 0 0 0 0 5 0 0 0 0 0 0 0 5 0 4 2 0 3 0 5 3 0 3 4 0 0 0 0 5 0 0 0 3 0 3 0 4 5 0 0 2 0 0 3 0 0 0 4 0 0 0 0 0 0 0 0 0 0 0 5 0 0 0 5 0 0 5 5 0 4 4 0 0 0 4 2 0 0 3 0 0 0 2 5 4 0 0 0 4 0 5 0 3 0 0 2 0 0 5 0 0 4 0 4 0 0 0 0 2 3 4 0 0 0 2 4 0 0 0 3 0 0 0 0 4 0 0 3 5 0 0 0 0 0 0 2 0 0 0 3 0 4 0 3 0 4 0 4 0 0 0 0 0 0 3 4 0 0 0 0 0 0 0 4 4 0 0 0 0 0 3 0 0 3 0 0 3 2 0 0 0 0 0 0 0 0 0 4 0 0 0 0 3 3 0 0 0 4 0 5 0 0 2 0 0 0 0 0 0 0 0 3 0 0 0 0 0 0 0 0 0 0 0 3 2 0 0 0 0 0 3 0 0 0 2 0 0 0 0 4 0 0 0 2 5 0 0 
0 0 2 0 0 0 0 0 3 0 2 0 0 0 4 2 4 0 3 0 0 0 5 0 0 5 0 0 5 0 3 0 0 0 0 0 0 0 0 0 0 5 0 0 0 0 0 0 3 0 0 4 0 5 0 5 3 0 0 0 0 2 0 2 0 2 0 0 0 4 0 3 5 0 2 0 5 0 0 3 0 0 5 0 0 0 2 0 4 0 0 0 0 2 2 2 0 2 0 0 0 0 0 0 0 0 0 0 2 0 3 5 2 0 0 0 0 0 0 0 2 0 0 5 0 0 0 0 0 0 5 0 0 0 0 2 0 2 0 0 0 4 4 0 0 0 0 3 0 4 0 0 5 4 4 0 0 0 0 2 0 0 3 0 0 0 0 0 4 5 0 0 0 0 0 0 0 0 0 0 3 0 0 3 0 4 0 3 0 0 2 2 0 0 0 2 0 0 0 0 0 2 0 0 3 0 3 0 0 0 0 0 0 2 0 0 0 0 5 0 0 0 0 0 0 2 2 0 0 4 0 0 4 0 0 0 0 2 0 5 0 0 0 0 0 3 0 0 3 0 2 0 2 0 0 0 0 2 0 5 0 0 0 0 3 3 0 0 2 0 0 0 0 0 0 0 5 5 0 0 0 0 0 0 3 3 0 0 0 0 0 0 0 5 0 0 0 4 0 0 
3 0 3 4 0 0 0 3 0 0 0 0 2 4 0 0 0 0 3 0 0 0 0 0 2 0 0 4 5 0 0 0 0 0 5 0 2 0 0 0 0 0 0 0 4 3 0 0 4 0 0 0 0 0 0 0 0 2 0 0 2 5 0 0 0 0 3 0 0 0 4 0 5 0 0 0 0 0 0 0 0 0 3 4 0 0 0 0 5 3 3 3 0 5 0 0 0 0 0 5 0 0 0 0 0 5 0 0 0 0 0 0 5 0 0 0 5 0 0 4 0 0 3 0 0 4 0 0 0 3 0 3 0 4 0 0 0 0 0 0 0 0 0 5 0 0 2 0 5 4 0 0 2 0 0 4 0 4 0 0 0 0 0 0 5 5 0 0 0 0 0 0 4 2 0 0 0 0 0 2 0 0 0 0 0 0 0 3 0 0 0 0 0 0 0 0 5 4 3 5 0 5 0 0 5 0 0 0 0 0 0 0 5 0 0 0 0 0 0 0 3 4 0 2 0 4 3 0 2 0 0 0 3 2 0 5 3 0 0 0 0 0 0 3 4 2 0 0 5 0 0 2 0 0 0 0 4 0 0 0 0 0 0 0 5 3 0 0 4 4 0 2 2 0 0 4 0 5 3 0 0 0 0 0 0 5 2 0 0 0 0 0 0 0 0 0 0 3 3 0 
0 0 0 3 0 0 0 0 0 4 0 0 0 0 0 4 0 0 0 0 0 0 0 0 0 4 0 0 5 2 5 0 0 2 0 4 0 0 0 3 0 0 0 0 3 0 0 0 5 0 2 0 0 0 0 0 0 0 5 0 4 0 2 0 0 0 0 0 0 0 2 5 0 0 0 0 5 3 0 0 2 0 0 3 0 5 4 0 0 0 0 3 3 0 0 3 0 0 0 5 0 0 0 5 0 0 0 5 0 0 5 0 0 5 3 2 0 0 0 0 5 0 0 4 0 0 0 3 0 0 4 0 5 2 5 2 0 5 0 0 0 0 5 0 0 0 3 0 0 0 5 4 0 0 4 5 0 0 2 0 4 2 0 4 0 0 0 0 4 3 0 3 0 5 0 0 0 5 0 4 3 4 0 0 0 0 0 0 0 0 0 0 0 0 0 2 3 5 4 0 5 0 3 0 0 0 0 0 0 0 5 0 4 5 4 0 0 0 4 4 0 2 0 4 0 3 3 0 0 0 0 0 5 0 2 0 0 0 5 0 0 0 0 3 0 3 0 0 5 2 0 0 0 3 0 0 0 3 0 0 3 0 5 0 0 0 0 2 0 2 0 0 0 0 0 0 4 0 0 0 0 0 0 0 0 0 0 0 0 0 0 0 0 0 0 0 2 0 0 5 
0 0 0 0 0 0 0 0 0 0 0 0 0 0 0 0 0 3 0 0 0 0 0 0 0 0 0 0 0 0 0 0 0 0 0 0 0 0 4 5 0 0 0 0 0 0 0 0 0 0 0 0 0 0 5 3 2 4 2 0 0 0 4 4 0 0 3 3 0 0 0 2 0 0 4 0 0 5 0 0 5 0 0 0 0 3 0 0 0 0 0 0 0 0 5 5 2 0 5 0 0 4 5 0 5 0 0 0 5 0 0 3 0 5 0 0 0 0 0 2 0 2 0 0 0 0 0 0 0 0 0 0 0 5 0 0 0 2 0 0 0 3 3 5 0 0 0 0 2 5 0 0 0 0 0 0 0 2 0 0 0 0 0 3 5 0 3 3 0 0 0 5 0 0 5 0 0 0 0 0 0 2 4 0 0 0 0 0 4 2 0 0 0 0 0 2 3 0 0 0 0 2 0 0 5 0 0 0 0 0 5 2 0 0 5 0 0 0 0 4 0 4 0 2 0 0 0 5 0 0 3 0 0 3 3 0 4 0 2 0 0 0 0 5 5 4 2 0 0 0 0 0 5 0 0 2 2 0 0 0 5 0 0 0 4 0 0 4 2 0 0 0 4 0 5 2 0 0 0 0 3 0 0 3 0 0 0 3 0 0 4 0 0 0 0 0 0 0 4 0 
0 0 0 0 5 0 0 2 0 5 4 0 0 0 0 3 0 0 0 2 4 0 0 0 5 0 0 0 0 0 0 0 4 0 0 0 3 5 0 3 0 3 0 2 0 4 5 5 0 4 0 0 0 0 0 0 0 3 4 0 0 0 3 0 0 0 0 2 0 0 0 4 3 4 0 0 0 0 0 4 0 0 4 0 3 0 0 0 4 0 0 0 0 3 2 0 2 3 0 4 0 0 0 0 4 2 0 0 2 3 0 4 0 0 0 0 4 3 2 2 0 0 3 0 0 0 0 0 0 5 0 4 0 4 0 5 0 0 2 0 0 0 0 4 0 0 4 0 4 2 5 5 0 0 0 0 0 5 0 4 0 0 5 0 0 5 3 2 4 0 0 4 0 0 0 0 0 5 2 0 0 3 0 0 0 0 0 0 0 4 4 0 5 0 4 0 5 3 0 0 0 0 0 4 0 2 3 0 0 0 0 0 0 0 0 0 0 0 4 0 0 2 0 2 4 0 0 5 0 0 0 0 0 0 3 0 0 0 5 0 0 0 4 4 0 0 0 0 4 0 0 0 4 5 0 0 0 0 5 0 3 0 0 0 0 0 0 0 0 0 0 0 0 0 0 2 0 2 0 3 0 0 0 2 5 4 5 0 0 0 0 0 0 2 0 0 3 0 5 0 
0 0 0 0 0 0 3 0 0 0 3 5 4 4 0 0 0 0 0 5 0 0 0 0 0 3 0 0 0 5 3 0 0 3 0 4 0 0 2 0 0 0 4 0 0 0 0 0 4 0 0 0 2 4 0 0 2 5 0 0 0 0 0 0 0 0 0 0 0 0 5 0 5 0 4 0 0 0 0 0 4 5 0 0 0 0 0 2 0 0 0 0 2 0 0 0 5 0 0 0 0 0 5 0 0 0 3 0 3 0 0 0 5 4 3 0 0 4 0 0 0 0 0 0 0 0 5 5 2 0 0 2 2 0 0 0 0 0 4 5 0 0 5 0 0 5 0 3 0 0 2 0 0 4 0 2 5 0 5 0 0 0 0 5 0 4 0 4 0 0 0 0 0 0 3 0 5 2 0 0 0 0 0 5 0 3 0 4 0 4 2 0 2 2 2 0 0 3 3 0 0 0 0 0 4 0 3 0 3 0 5 0 0 0 0 0 0 0 0 3 0 2 3 3 0 0 0 0 0 0 0 0 0 0 0 0 4 5 0 2 3 0 0 0 0 3 3 0 0 0 0 0 0 0 2 0 0 4 4 0 0 0 3 4 0 0 3 4 0 0 0 0 0 0 0 4 0 5 0 0 0 0 0 3 2 0 3 0 0 0 0 0 0 3 0 0 0 0 2 0 
0 0 0 0 3 3 5 0 0 0 0 0 0 0 4 0 0 0 0 0 2 0 0 2 0 0 5 0 5 0 0 4 0 0 3 5 3 0 5 3 0 0 0 0 0 0 0 0 4 0 0 0 3 0 0 0 0 4 0 0 0 0 0 3 0 0 0 3 5 0 0 0 0 0 0 0 0 2 5 0 3 0 0 5 0 0 0 0 0 5 0 0 0 0 0 2 0 0 0 0 0 0 0 2 0 0 0 3 0 5 0 0 0 0 0 0 0 5 0 5 0 5 0 0 3 2 0 0 0 4 0 2 0 5 0 0 0 3 0 0 0 0 0 0 0 0 0 0 0 2 4 0 0 4 3 0 2 4 0 4 0 0 0 0 5 5 0 0 0 0 0 2 0 0 0 0 0 0 5 0 3 0 0 4 0 0 3 0 3 0 0 4 0 3 0 2 0 0 0 0 0 0 0 0 0 0 0 4 0 3 0 0 0 0 2 0 0 0 0 4 0 0 0 0 0 3 0 0 0 2 0 0 0 0 0 0 0 0 3 5 0 2 0 0 0 0 4 0 0 0 5 5 0 5 0 2 0 0 2 0 0 5 0 0 0 5 5 0 0 0 2 0 0 0 4 5 4 0 0 5 4 5 0 0 0 0 0 0 0 0 0 0 0 3 2 5 0 3 0 0 
2 0 0 0 0 0 4 0 0 0 4 0 0 0 0 4 0 0 0 0 2 0 0 0 0 0 3 0 0 4 0 0 0 0 0 0 5 0 0 3 3 5 3 0 3 0 0 3 0 0 0 5 0 0 0 0 0 5 0 0 0 0 0 0 0 4 0 0 0 0 0 0 0 0 5 0 2 3 0 0 4 0 3 0 5 0 3 5 5 2 5 0 3 3 0 0 2 0 0 0 2 0 0 0 0 0 0 5 4 0 0 0 0 0 5 0 0 4 2 0 4 5 0 0 0 0 0 4 0 0 2 0 0 0 5 0 0 0 0 0 2 0 3 0 3 2 0 3 5 3 4 0 0 0 0 0 5 3 4 0 0 3 0 0 3 5 0 0 3 5 0 0 0 0 0 5 0 0 0 4 3 5 0 2 0 0 4 0 0 3 0 0 2 0 0 0 0 0 2 0 3 0 0 0 2 0 3 0 5 4 5 0 4 5 0 0 0 0 0 4 2 0 2 0 5 0 0 0 3 0 0 0 0 0 0 0 2 2 5 0 4 0 0 3 0 0 0 0 0 0 5 0 0 4 0 0 4 0 0 0 4 0 0 0 0 2 4 0 0 0 0 4 4 0 0 2 0 0 0 0 4 4 0 3 0 0 3 0 0 0 4 0 2 0 0 3 5 0 4 0 
0 4 2 4 0 2 0 0 0 0 0 0 3 0 0 3 2 5 0 0 3 0 0 0 4 0 0 0 0 0 0 0 4 0 0 3 0 5 4 0 0 0 0 0 2 0 4 4 0 0 0 0 0 0 0 0 4 0 0 0 2 2 3 4 0 0 0 0 0 0 0 0 0 4 0 0 0 0 0 3 0 0 0 0 2 0 2 3 4 0 0 0 4 0 3 0 0 0 0 3 0 5 0 0 0 0 0 0 3 0 0 4 5 3 0 0 0 0 0 4 0 5 0 0 0 0 0 0 4 0 2 0 5 0 3 0 0 0 0 0 0 0 0 0 0 4 3 0 0 3 0 0 0 0 4 2 5 0 0 0 0 0 2 4 0 2 0 0 0 0 0 5 5 4 5 4 0 0 0 0 0 3 0 0 0 0 0 5 5 4 0 0 0 0 3 0 0 0 0 0 0 0 0 5 0 5 2 0 0 0 0 0 5 0 4 0 0 0 0 0 0 0 0 0 3 0 0 0 0 0 0 0 0 0 2 2 0 0 4 0 0 3 0 0 0 4 3 0 0 0 3 5 0 0 0 4 0 2 0 0 2 0 0 5 0 0 0 0 4 0 4 2 0 0 4 4 0 5 3 0 0 0 4 0 0 0 4 4 0 0 0 0 0 0 5 0 0 3 3 0 
0 5 3 0 4 0 0 0 0 0 0 4 0 4 0 0 0 5 0 0 0 0 0 0 0 0 0 0 0 0 2 0 3 0 0 0 0 0 0 0 0 0 5 0 0 0 4 2 0 0 0 0 4 0 0 0 5 0 0 3 0 3 0 0 0 0 0 0 0 0 4 3 4 0 5 0 5 0 0 0 5 0 0 0 2 0 0 0 0 0 0 0 0 0 0 0 0 0 2 0 0 0 5 0 2 0 0 3 3 4 0 5 0 3 0 0 5 0 0 0 0 0 0 0 0 0 5 0 0 0 4 0 0 0 0 0 0 0 3 0 0 0 0 0 0 0 0 0 0 0 0 0 0 2 5 0 0 0 3 0 2 5 3 0 2 0 2 0 5 0 0 3 0 0 3 0 0 0 4 0 2 0 4 0 0 0 4 0 0 0 4 0 4 2 0 5 2 0 0 4 0 0 0 0 3 0 0 5 5 0 0 0 0 0 0 0 2 0 0 2 0 0 0 0 0 3 0 0 3 3 0 5 0 0 0 0 0 4 2 3 0 0 0 0 0 0 3 3 0 2 2 0 2 0 0 0 0 2 0 4 0 0 0 0 2 3 4 0 0 4 0 3 0 0 0 0 2 0 2 0 0 2 0 3 0 0 0 0 3 3 0 2 0 0 0 3 0 2 0 4 
0 0 0 0 0 0 0 0 4 0 0 3 5 0 0 0 0 4 0 0 4 3 0 4 4 0 0 0 0 4 3 0 0 0 0 0 0 0 0 0 0 0 0 0 0 2 0 3 0 3 0 0 0 0 3 0 0 0 0 0 5 0 0 2 0 0 0 0 3 0 0 0 3 3 0 0 0 2 0 0 5 0 0 0 0 0 3 0 0 5 2 0 5 0 0 0 4 0 0 0 4 0 0 0 0 0 5 3 5 0 4 4 0 0 0 0 0 0 0 0 0 0 0 0 0 0 0 0 0 0 0 5 0 0 0 0 5 0 4 0 0 4 4 3 4 0 0 4 0 0 0 0 0 0 0 0 0 0 0 0 0 0 0 0 0 3 0 0 0 2 0 0 0 2 2 0 5 0 0 2 4 4 0 0 0 0 5 5 0 0 0 0 0 0 3 0 0 0 5 0 2 0 0 0 0 0 0 0 0 0 0 5 0 3 0 3 0 4 0 0 0 2 0 0 5 0 3 0 0 0 0 5 0 0 3 0 0 0 4 0 5 2 0 0 4 0 0 0 0 0 0 0 0 0 0 2 5 2 4 0 0 0 0 0 3 0 3 0 3 0 5 0 0 0 0 0 0 0 0 0 4 0 0 4 0 0 0 0 0 0 0 0 3 0 0 0 0 0 0 0 
0 0 5 0 0 0 0 0 0 0 2 0 0 2 0 0 5 0 0 0 0 0 0 5 2 0 0 0 0 3 5 2 0 0 0 4 0 0 0 4 0 4 2 0 0 5 0 0 5 0 0 5 0 0 5 0 0 0 0 0 0 0 0 0 0 3 0 0 0 0 2 0 0 0 0 0 0 0 0 3 0 3 0 0 0 0 0 0 0 0 5 0 0 0 4 0 0 0 0 0 0 0 4 0 0 0 5 0 0 4 3 2 3 4 5 0 0 3 0 2 0 0 0 0 0 3 5 2 5 0 0 0 0 0 0 2 0 0 0 4 0 0 0 0 3 3 3 0 4 0 0 0 0 0 0 0 0 0 0 0 4 0 0 0 0 0 0 0 2 0 0 0 0 3 0 0 4 0 2 0 0 0 3 0 0 2 0 0 0 0 0 2 0 0 0 0 5 0 0 0 5 0 0 0 0 0 4 3 0 0 5 0 0 0 0 5 2 0 2 0 3 2 5 0 0 0 2 0 0 0 0 0 0 0 0 0 0 0 0 0 0 5 0 0 0 4 0 0 2 3 3 2 0 4 0 0 0 0 4 0 4 0 0 0 0 0 0 0 3 5 2 4 4 0 0 0 3 5 5 0 4 3 3 2 0 0 0 0 0 5 2 0 0 0 0 0 3 0 0 0 
3 0 0 0 5 0 0 0 0 0 0 3 4 0 0 4 0 0 0 0 0 4 3 0 0 0 0 0 0 3 5 3 0 0 0 0 0 3 5 3 5 0 0 0 0 0 2 0 5 0 0 0 3 0 0 0 0 0 0 0 0 0 2 0 0 3 2 2 0 0 0 0 5 0 0 2 4 0 3 0 0 2 0 0 0 0 2 0 0 0 0 0 0 0 0 0 0 3 0 0 0 0 0 4 0 0 0 0 0 0 0 0 0 4 4 0 0 0 2 3 4 2 3 0 0 0 0 0 0 0 2 0 0 0 0 3 0 0 0 3 0 0 5 0 0 0 0 0 0 4 0 0 5 4 5 3 0 0 4 0 0 0 5 0 0 0 0 4 0 0 0 0 0 5 0 0 2 2 0 0 0 0 0 5 0 0 0 0 4 0 0 0 0 0 0 0 0 0 0 0 0 0 0 5 0 0 0 4 0 0 0 0 0 0 2 0 0 4 0 5 0 3 0 3 0 0 0 0 0 0 0 0 0 4 0 0 0 0 0 0 0 3 0 2 0 4 0 0 0 0 5 0 0 2 2 0 3 2 3 4 0 0 0 3 0 0 0 0 4 0 5 0 3 0 0 4 5 0 0 2 5 0 0 0 0 0 0 3 4 0 2 0 3 2 0 0 0 0 0 0 
0 0 3 4 0 0 0 0 0 0 0 0 0 0 0 0 0 0 4 0 0 0 0 3 0 0 0 0 3 0 2 3 0 0 0 0 3 0 0 0 0 5 0 0 0 5 0 0 0 0 5 4 2 0 2 0 0 0 0 0 0 4 4 3 5 0 0 0 4 0 3 0 0 0 0 0 0 0 4 0 0 4 0 0 0 5 2 0 0 0 2 0 0 0 0 0 0 0 5 3 0 0 0 0 0 0 0 0 0 0 2 0 2 0 0 0 0 3 0 0 4 5 0 3 5 0 2 0 0 0 0 0 0 0 0 0 2 3 0 3 0 0 5 0 0 0 0 0 0 4 0 0 0 2 0 0 3 0 0 2 5 0 0 4 0 0 5 0 0 2 0 0 2 3 0 0 0 0 5 0 0 0 0 2 0 0 0 2 3 0 3 0 0 0 5 2 0 5 0 3 0 0 0 0 0 0 2 0 0 0 0 4 0 0 0 0 4 4 0 0 0 4 0 3 0 0 0 0 0 0 0 0 0 0 0 2 0 0 4 0 5 0 2 4 0 0 0 0 0 0 0 0 0 3 0 2 2 0 4 5 0 0 0 0 0 4 0 0 0 0 0 0 0 0 2 0 0 0 0 0 0 2 0 0 0 3 5 3 0 5 0 0 0 0 0 0 4 0 0 0 
0 0 0 0 0 0 0 0 0 2 0 0 0 0 3 0 0 0 0 2 0 0 0 0 0 0 0 0 5 0 5 0 0 0 0 0 0 0 0 0 0 0 0 2 4 3 0 0 3 3 0 3 0 2 0 0 0 0 0 0 0 0 2 0 0 0 0 0 0 0 0 0 0 0 0 0 0 4 0 0 0 0 4 3 0 4 0 0 0 5 3 0 5 0 0 3 0 0 0 0 0 5 0 2 0 0 0 0 0 0 5 0 0 0 5 0 0 2 0 2 4 0 5 4 0 4 0 0 0 0 0 0 0 0 5 2 5 0 0 3 0 0 5 0 0 0 0 2 0 3 4 0 0 0 5 5 4 0 4 0 0 0 2 3 3 0 2 0 0 0 0 0 0 0 0 0 0 5 0 3 3 0 0 0 0 3 0 0 0 0 0 2 2 3 0 0 4 3 4 0 2 3 2 0 0 0 0 2 5 2 0 0 0 0 3 0 2 0 0 0 0 0 0 0 0 0 0 0 4 0 4 0 4 0 0 0 0 0 0 0 0 2 0 0 3 4 0 3 0 0 4 0 0 4 0 0 0 0 3 4 4 4 0 4 0 0 0 0 3 0 4 0 0 3 0 0 5 0 0 3 2 0 0 0 0 3 0 3 0 0 0 0 0 0 5 3 0 3 3 4 
5 0 0 4 0 0 2 5 3 0 0 4 0 0 0 0 2 0 0 0 2 0 0 2 0 2 0 0 4 0 0 0 0 0 0 5 0 0 0 0 0 5 0 5 0 0 0 0 0 0 0 0 0 3 2 0 4 4 0 0 4 3 0 0 5 0 0 2 0 0 0 3 3 0 0 0 0 3 0 0 2 0 3 2 5 0 0 0 0 0 5 2 0 2 3 5 0 4 0 0 0 0 4 0 0 2 0 5 5 0 2 5 4 0 0 0 0 3 0 2 0 0 0 4 0 0 0 0 4 0 0 0 0 0 0 0 2 2 4 5 0 0 3 0 0 0 0 0 0 4 0 2 3 0 0 2 2 0 0 0 0 0 0 5 2 0 0 0 0 0 3 0 0 0 0 5 0 4 0 0 3 0 3 4 0 0 0 4 0 4 0 0 5 0 0 0 0 3 4 0 0 0 2 5 0 0 0 5 5 2 0 0 0 0 3 0 0 0 5 3 0 3 0 0 0 0 0 0 3 4 0 0 0 0 0 5 0 4 3 0 0 4 0 0 0 5 0 0 0 4 0 0 0 0 4 0 0 0 5 0 5 0 2 0 2 0 2 2 0 0 0 0 0 0 0 0 2 0 0 0 5 0 0 4 0 0 0 4 4 0 0 2 0 4 0 0 2 0 4 0 
0 0 0 0 0 0 0 2 0 0 0 0 0 0 4 4 0 0 0 0 0 0 0 0 0 0 3 0 0 0 5 0 0 0 0 5 0 0 0 5 3 2 5 0 0 0 0 0 4 5 0 0 0 0 0 2 0 0 0 5 0 2 0 0 5 5 0 5 0 0 0 0 0 0 0 0 0 0 3 4 3 2 5 0 4 3 0 3 0 0 0 0 5 0 0 0 0 0 0 0 0 0 0 2 0 0 0 0 3 0 0 0 0 3 0 0 4 0 0 0 5 0 0 0 5 0 0 0 0 0 4 5 3 3 0 0 0 0 0 0 0 0 0 0 0 0 5 0 0 3 0 4 0 0 0 0 0 0 0 0 0 3 0 0 5 3 5 0 0 0 0 0 0 0 0 0 0 0 0 0 4 0 0 0 0 2 0 2 0 0 2 0 3 0 0 0 0 2 0 3 3 0 0 0 5 0 0 3 0 0 0 0 4 0 0 0 2 0 0 0 0 0 2 0 4 0 0 0 4 2 0 3 0 0 0 3 2 0 3 0 0 0 5 0 4 0 0 4 0 2 0 2 0 0 0 0 2 2 0 0 0 5 0 0 0 0 0 4 4 0 0 5 0 5 0 0 3 0 0 0 5 5 2 0 0 0 0 0 0 0 5 5 0 0 2 0 0 0 0 0 
4 0 0 0 0 0 3 0 3 0 2 3 0 4 0 0 5 0 5 2 2 0 0 0 0 0 0 0 3 0 0 0 3 0 5 0 2 2 0 0 0 0 4 0 0 0 0 0 0 2 0 0 2 0 4 4 2 0 2 5 3 0 0 0 0 2 5 4 2 4 0 0 0 4 2 0 0 0 0 4 0 0 0 0 0 2 0 0 0 5 0 3 4 0 3 0 5 0 0 0 3 0 0 2 3 0 0 0 0 0 3 0 0 0 0 2 0 0 0 5 0 0 0 2 0 0 4 4 0 0 0 0 0 4 0 0 2 0 3 0 0 0 0 5 0 0 5 5 4 5 0 0 5 0 2 0 0 0 0 3 4 0 0 0 0 3 2 5 2 0 4 0 4 0 0 0 5 0 4 4 0 3 3 0 0 0 0 0 0 0 2 0 0 0 0 0 0 0 5 4 0 0 0 0 0 0 0 3 0 0 0 0 0 3 0 0 3 0 0 0 3 3 0 2 0 0 0 0 0 0 3 0 0 0 0 0 0 0 0 0 0 0 0 0 0 0 5 0 0 4 0 0 2 2 0 0 0 0 5 0 0 3 0 2 0 0 0 0 0 0 0 5 5 2 0 0 0 5 0 0 0 0 0 0 0 2 0 0 0 5 0 4 0 0 0 0 3 3 0 4 
0 2 0 0 3 3 0 0 0 0 5 0 2 0 0 0 0 0 3 0 3 0 5 0 0 0 0 0 5 0 4 2 4 0 0 0 2 4 0 0 0 2 3 4 0 0 0 0 0 0 2 0 0 3 0 0 0 0 0 0 3 0 0 0 0 0 0 0 0 5 0 0 0 0 0 2 0 0 5 0 3 0 0 0 4 0 0 0 0 5 0 0 0 0 3 0 0 0 3 0 0 3 0 0 5 0 5 0 0 0 0 5 0 0 0 0 0 2 0 0 5 5 0 4 4 0 3 0 0 0 0 0 0 3 2 0 3 0 2 0 0 0 0 2 0 0 0 3 5 0 0 4 0 2 0 0 0 5 0 0 0 0 0 0 0 0 3 0 2 0 0 3 3 0 0 4 0 0 3 3 0 5 0 4 3 4 0 0 4 0 2 0 0 0 4 0 0 0 5 0 0 4 0 0 5 4 3 5 3 0 0 0 5 4 0 5 0 4 0 0 0 3 0 5 4 0 0 4 5 0 0 5 0 0 2 0 0 0 2 0 0 0 2 0 0 0 0 0 3 4 0 5 5 0 0 0 0 0 0 0 3 4 5 0 3 0 2 0 0 0 2 0 0 3 5 0 0 0 0 2 0 0 0 0 0 0 5 5 0 0 0 2 0 0 0 0 0 0 2 3 
0 0 0 0 0 3 2 0 0 0 0 0 0 0 0 0 2 0 0 0 2 0 2 5 4 0 0 0 0 0 0 0 3 0 0 0 5 4 0 0 0 0 0 4 0 0 0 2 0 0 0 4 0 0 5 0 0 3 0 0 0 3 0 0 3 0 0 0 5 0 4 2 0 0 0 5 0 0 5 0 0 0 0 4 0 0 4 2 4 5 3 0 0 0 2 2 3 0 2 2 0 0 5 3 4 4 0 0 0 0 0 5 0 0 0 4 0 0 0 0 0 0 0 3 0 0 0 5 0 0 0 0 0 0 0 0 5 0 4 0 0 0 0 0 4 0 0 0 5 0 0 2 0 0 0 0 4 0 0 0 0 2 0 4 4 0 0 0 3 0 5 3 3 0 0 0 2 2 2 0 2 0 0 0 0 0 0 3 0 0 0 0 0 0 2 0 0 0 0 0 3 3 0 0 4 5 0 0 0 0 0 0 0 0 0 0 0 0 2 0 0 0 0 2 0 0 0 2 0 0 0 4 0 0 0 0 5 3 4 0 4 0 4 4 0 2 0 0 0 0 0 5 0 0 0 0 3 0 0 4 0 0 0 5 0 0 2 0 0 0 0 0 0 4 0 3 0 3 0 0 3 4 0 2 0 0 0 0 4 0 0 0 0 3 4 0 0 0 5 0 
0 0 0 0 0 0 0 0 0 0 0 2 0 0 0 0 0 2 3 0 0 0 0 0 0 3 0 0 0 3 2 0 0 0 0 0 2 0 3 2 0 0 0 0 0 0 0 0 0 0 0 0 5 0 4 0 0 0 0 0 0 0 0 0 4 2 0 0 0 0 0 0 0 2 0 0 0 0 0 3 0 0 0 4 3 0 0 3 0 0 0 3 0 0 5 5 0 4 5 2 0 0 5 0 0 0 5 0 2 0 0 0 0 0 0 0 0 0 0 4 0 0 0 0 0 0 4 5 0 5 0 2 0 3 4 0 0 2 0 5 2 0 2 0 4 5 0 0 0 0 5 0 3 0 0 3 5 3 0 0 0 2 0 0 0 3 0 3 0 3 0 2 0 3 0 0 2 0 0 0 4 5 0 0 0 5 0 4 0 2 0 0 0 5 5 3 4 0 5 0 0 0 3 0 3 0 0 3 0 5 0 0 3 0 0 5 0 0 0 0 5 0 2 0 0 0 2 0 3 4 0 2 4 0 2 0 0 0 4 0 0 2 3 0 0 0 0 0 0 2 0 5 0 0 0 4 0 5 0 0 0 4 3 2 0 0 0 0 0 0 5 0 0 3 0 2 0 0 0 2 4 0 0 0 0 0 0 3 0 2 0 0 0 4 0 0 0 0 0 0 
0 0 5 5 0 5 0 0 2 0 4 0 3 3 0 4 0 0 0 0 0 5 3 0 2 0 0 0 2 0 0 5 5 0 0 0 2 0 2 0 0 0 0 4 0 0 0 0 4 0 2 0 0 5 0 0 5 0 0 0 0 0 0 0 0 0 0 0 5 4 0 0 0 5 4 0 0 3 0 3 0 4 0 0 2 0 3 3 0 0 0 0 0 0 2 5 5 2 0 0 3 0 0 0 2 5 0 0 2 0 0 0 0 0 0 4 0 0 0 0 0 0 5 0 0 0 2 0 0 0 0 0 0 0 0 4 0 0 0 3 0 0 0 0 0 0 0 4 2 0 0 0 0 2 0 0 0 0 0 4 0 0 0 0 0 0 0 5 0 0 4 0 0 5 0 0 0 5 0 0 3 0 0 0 0 5 0 0 0 0 0 0 0 3 0 0 4 0 4 0 4 0 0 5 0 5 0 0 5 0 0 0 2 0 0 0 0 0 0 4 2 2 0 4 0 0 5 2 0 0 4 0 0 5 0 0 0 0 0 0 0 0 0 0 0 0 0 0 0 4 0 0 0 0 0 0 0 0 0 0 0 0 0 0 5 5 0 0 0 0 5 0 0 0 0 0 2 3 0 3 0 0 0 0 2 5 0 0 0 0 0 0 0 0 0 0 0 2 0 0 
0 0 0 2 0 0 0 5 0 0 0 0 0 0 0 0 0 4 3 0 0 0 4 0 0 0 0 0 0 2 0 0 0 0 0 4 3 0 0 0 0 2 0 0 3 0 0 0 0 3 0 5 0 0 0 5 0 0 0 0 3 0 0 0 0 0 0 0 0 5 0 0 5 0 4 5 0 0 5 0 0 5 0 4 3 2 0 0 4 0 0 0 0 0 0 3 2 4 0 0 5 2 0 0 0 0 0 4 0 0 0 0 0 0 4 3 0 4 0 3 0 0 0 0 3 3 0 0 0 0 0 5 0 4 5 0 0 3 0 0 0 0 3 0 0 0 4 0 0 0 5 4 3 0 0 0 3 0 2 4 0 3 4 3 4 0 0 2 0 3 0 0 2 0 0 0 0 0 0 0 0 0 0 0 5 0 0 3 3 0 0 0 0 3 0 0 0 0 3 0 0 0 0 0 0 0 5 0 0 0 0 4 4 0 0 0 0 0 0 3 0 0 0 0 0 0 0 0 0 4 0 0 3 0 0 0 4 0 0 4 2 3 0 0 0 0 0 0 3 0 0 0 5 0 4 3 0 3 0 0 0 0 0 0 2 0 4 3 0 4 0 0 2 5 3 0 5 0 0 2 0 3 2 0 3 0 0 0 5 5 0 0 0 4 4 0 0 0 5 0 
0 0 3 2 0 0 0 0 3 0 0 0 0 4 5 0 0 0 0 0 2 0 5 0 0 5 0 0 3 0 0 3 4 0 0 0 0 4 0 5 0 5 3 0 2 5 0 0 0 0 0 0 0 0 0 0 0 0 0 0 2 4 0 0 0 0 0 2 0 2 0 0 0 0 2 0 0 4 0 0 0 2 0 0 0 0 2 4 0 0 0 3 5 0 0 0 0 0 0 2 4 4 0 0 2 0 0 0 0 0 0 0 0 0 0 0 0 0 0 0 0 4 0 5 5 0 0 0 0 4 0 0 5 0 0 0 4 0 5 0 0 0 0 0 5 0 5 0 2 3 0 0 0 2 0 0 5 0 2 2 0 0 3 5 0 0 0 5 3 0 0 0 0 0 0 0 0 0 0 0 0 0 0 0 3 0 0 4 0 0 0 2 0 0 2 0 4 0 0 0 0 0 0 5 0 0 0 0 5 4 0 0 3 0 0 0 0 0 0 3 5 0 5 0 3 0 0 0 3 0 0 3 5 0 2 0 0 0 0 0 0 0 0 5 0 0 0 0 0 0 2 0 0 0 0 0 0 0 0 0 2 0 0 0 0 0 3 0 0 5 0 0 5 5 0 5 3 0 0 0 5 0 0 0 0 0 0 0 0 0 0 0 0 5 0 0 0 0 3 5 
0 0 0 3 0 0 3 0 0 0 0 3 0 0 0 0 0 0 0 5 0 3 5 0 0 0 4 4 0 0 0 0 0 0 0 0 4 0 0 0 5 0 5 0 0 3 4 5 0 0 0 5 0 0 0 3 0 4 0 4 4 0 5 0 0 0 0 5 0 0 0 0 0 0 0 4 3 0 4 0 2 0 0 0 0 0 0 0 0 0 0 0 5 4 0 0 3 0 5 3 3 0 0 0 2 0 0 0 5 0 0 5 0 0 0 5 0 0 0 0 5 0 0 5 0 0 0 0 5 5 5 0 0 0 0 2 0 0 3 0 0 0 0 4 2 0 0 3 0 5 0 5 0 3 5 0 2 4 0 0 0 0 4 0 0 0 0 0 5 4 0 5 0 0 3 0 0 0 4 0 4 4 5 0 0 0 0 4 0 3 0 0 0 2 0 0 0 0 0 0 0 3 0 4 0 0 0 4 0 0 0 0 0 0 0 0 0 5 0 0 5 0 0 5 0 0 0 0 4 0 3 5 3 0 4 0 5 0 0 0 4 0 0 0 3 0 0 0 5 4 0 5 0 0 4 4 0 0 0 0 0 4 3 4 4 0 0 0 0 4 0 0 0 0 0 3 2 0 0 0 0 4 0 0 0 0 4 2 4 0 0 2 0 0 0 0 2 0 0 0 
0 0 0 0 0 0 0 0 2 0 2 3 0 0 0 0 0 0 2 5 4 5 0 0 0 0 0 0 0 4 0 0 0 0 0 0 0 0 0 4 5 2 0 0 0 0 0 4 0 0 0 0 0 4 0 0 0 0 0 0 0 0 0 0 0 0 0 0 4 0 2 0 4 2 0 0 5 5 4 0 3 4 4 0 0 2 0 3 0 0 0 3 4 0 0 0 0 3 0 2 0 3 0 0 2 2 0 5 0 0 0 0 0 0 0 0 5 5 0 5 0 0 3 2 0 5 0 0 0 0 0 0 0 0 0 0 4 0 0 3 0 5 0 3 0 0 0 0 0 0 2 0 0 0 0 0 0 0 2 0 0 0 2 5 0 0 0 0 0 0 3 0 0 0 0 2 3 3 0 0 0 0 0 0 0 0 0 0 0 0 0 0 2 5 0 0 0 0 5 0 0 0 0 3 0 0 2 0 0 5 0 0 4 0 3 0 3 0 0 5 2 0 0 0 0 4 0 0 0 0 0 0 0 0 5 0 5 3 0 0 0 0 4 3 4 2 0 2 5 0 0 0 0 0 0 0 2 4 0 2 5 0 2 0 5 3 0 0 2 0 0 0 0 0 0 0 0 0 0 0 0 0 0 0 0 0 0 0 0 0 0 0 0 0 2 0 0 0 4 0 
0 0 4 0 3 0 5 4 0 5 0 3 0 0 0 0 2 0 0 3 3 0 0 0 0 3 0 2 3 0 0 0 0 2 0 0 0 5 0 0 0 4 0 3 0 0 2 0 4 0 0 0 0 3 0 0 0 2 5 2 0 5 0 0 0 0 0 0 0 4 0 5 5 0 0 3 2 2 0 4 0 0 0 0 0 0 2 0 3 0 4 2 4 3 4 2 0 5 0 4 0 5 0 0 0 0 0 0 0 0 0 5 0 0 0 3 0 0 0 0 4 0 3 0 0 0 0 2 3 3 0 0 0 0 0 0 0 2 0 0 5 4 0 2 0 0 0 5 0 0 3 4 0 0 0 0 5 0 5 5 0 5 0 2 0 0 0 0 0 0 0 3 0 0 0 0 0 0 0 0 0 0 0 0 0 0 0 0 4 0 0 0 5 0 0 0 5 4 4 3 4 0 0 0 0 0 0 0 5 0 5 3 0 4 0 0 0 0 0 0 0 0 0 0 0 3 0 0 4 0 3 0 0 0 0 4 0 0 0 5 0 3 0 0 2 0 2 0 0 3 0 0 0 0 2 3 4 0 0 0 0 0 5 3 3 0 0 0 0 0 0 0 0 0 0 0 0 0 0 0 3 4 0 0 0 2 0 0 0 3 0 4 3 0 0 0 0 0 0 0 
0 0 0 5 0 0 0 0 0 0 0 0 0 0 4 0 0 4 3 0 4 2 5 0 0 0 0 2 0 0 0 0 0 0 0 2 5 0 0 0 4 0 5 2 0 0 5 5 3 4 0 2 0 0 0 0 0 0 0 0 3 0 2 0 0 0 0 0 0 0 0 0 0 0 5 0 4 5 4 0 3 0 0 3 0 0 0 4 0 5 2 0 0 0 3 2 0 0 0 0 0 4 4 0 0 0 0 0 3 5 0 4 4 0 2 0 0 3 0 0 0 0 4 0 5 0 0 0 0 0 3 3 5 0 0 4 5 0 0 0 0 0 4 5 3 0 0 5 0 2 0 0 0 0 0 0 3 0 4 0 0 0 0 5 0 0 0 0 0 0 0 0 3 2 5 0 0 4 0 0 0 0 0 0 5 0 0 0 0 0 0 0 0 0 3 0 0 0 0 0 0 2 0 0 0 0 0 0 0 5 0 4 4 5 0 5 5 0 0 0 0 0 0 0 4 3 0 0 0 0 0 3 0 2 0 0 0 3 2 0 0 0 4 0 0 0 0 2 3 0 0 0 0 0 0 0 0 0 3 0 4 0 0 2 0 0 0 0 0 3 2 4 5 0 0 4 0 4 2 0 2 0 4 0 3 0 3 0 5 0 0 0 0 0 0 0 0 0 5 0 
0 3 0 3 0 0 4 4 3 0 0 0 0 0 0 4 0 4 3 0 0 0 0 3 0 0 4 0 0 4 5 0 0 0 0 2 4 0 0 0 3 0 4 0 3 0 0 0 0 0 0 0 0 3 0 0 0 5 4 0 0 0 0 5 0 3 0 0 0 0 0 0 0 0 0 2 5 0 0 0 5 5 0 0 0 0 0 0 3 0 0 3 0 4 4 4 0 0 0 0 2 0 0 0 0 5 2 0 5 0 0 0 2 5 0 0 0 4 0 0 2 3 3 2 0 0 3 0 5 0 2 5 0 2 0 0 0 0 3 0 0 3 0 5 3 0 0 0 0 0 2 0 0 0 0 0 0 4 2 5 0 4 0 0 0 0 0 0 0 3 0 0 0 0 0 0 2 0 0 4 0 0 0 4 0 0 0 2 5 5 0 3 5 5 0 0 0 0 0 0 5 0 2 3 0 0 0 4 0 5 4 0 0 0 0 0 0 4 0 2 5 0 0 0 0 3 0 0 2 5 4 0 0 0 0 0 4 0 0 3 0 0 0 2 0 0 2 5 0 3 5 3 2 0 0 0 5 0 4 0 0 0 3 0 0 0 0 4 0 0 0 2 0 0 3 0 0 0 2 0 0 0 0 0 0 0 0 0 0 0 3 0 0 3 0 0 3 0 0 0 
0 4 0 0 0 0 2 5 2 5 0 5 0 0 2 0 0 0 5 4 0 0 3 2 0 4 0 0 0 0 0 4 0 3 0 4 4 5 3 0 0 4 0 0 0 4 0 5 2 0 0 0 0 3 0 3 0 0 2 0 0 0 0 0 0 0 5 4 0 0 0 0 0 2 0 0 5 2 2 0 0 0 2 0 4 0 0 0 0 0 0 0 0 3 0 0 0 2 0 0 0 5 4 0 0 0 5 5 5 4 0 0 0 0 2 5 4 0 2 0 0 4 3 0 0 0 2 3 0 0 0 0 0 0 0 5 0 0 2 0 0 0 0 0 4 2 0 0 0 4 0 0 0 5 2 0 0 4 0 0 0 0 0 0 0 2 0 0 3 2 0 0 0 0 0 0 0 0 3 0 0 5 0 0 4 0 3 0 3 3 0 0 0 0 0 0 0 0 3 0 2 2 0 0 3 4 0 5 0 0 4 0 5 0 0 0 0 0 0 0 0 0 0 0 0 0 0 0 0 4 0 0 0 0 0 0 0 0 2 4 0 3 0 0 0 0 0 0 0 0 0 4 0 0 0 0 2 0 0 0 0 5 0 5 3 0 0 5 0 2 0 0 3 0 0 0 0 0 0 0 0 3 0 0 2 0 0 0 5 5 2 0 0 0 0 0 0 0 0 0 
0 2 0 0 0 0 0 0 3 0 3 0 3 0 4 0 0 0 0 0 0 0 5 0 0 0 0 0 0 0 4 0 0 0 0 0 3 0 0 0 0 3 0 0 0 4 0 0 4 0 0 2 0 5 3 0 0 0 0 5 0 0 4 0 0 0 0 0 4 0 0 0 3 0 0 0 0 3 0 0 2 5 4 0 0 0 0 3 0 0 0 0 0 0 0 3 5 5 0 0 3 0 0 0 0 0 0 0 2 0 0 0 0 0 4 0 0 0 0 0 0 0 0 0 0 0 4 0 2 0 0 0 0 0 2 3 0 0 0 0 2 2 2 2 0 3 0 0 0 4 0 0 0 2 3 0 0 0 0 5 0 0 0 2 3 2 0 4 4 0 4 0 0 0 0 2 5 0 0 2 3 0 0 2 0 0 0 3 0 0 2 0 5 0 0 0 0 0 0 0 2 5 4 0 0 5 0 4 0 2 0 0 0 0 0 0 0 0 4 3 0 3 0 0 0 0 0 0 3 5 0 0 2 0 0 5 3 5 0 0 2 0 3 0 0 0 0 0 5 0 0 0 3 0 0 0 0 0 3 2 2 0 0 0 0 0 2 0 0 0 0 2 3 3 0 0 0 0 0 0 2 0 0 0 0 4 0 0 0 0 0 0 0 0 4 0 0 4 3 0 
0 3 0 0 0 3 0 5 0 5 0 2 0 4 5 4 0 0 0 0 0 0 0 5 5 0 4 3 5 0 0 0 0 0 0 0 0 3 4 0 0 0 0 0 0 3 0 0 0 0 0 4 0 0 0 0 0 0 0 0 0 2 0 0 0 0 5 0 0 0 4 0 0 0 3 0 0 4 0 0 0 0 0 0 0 3 0 0 0 0 4 0 3 0 0 3 0 0 0 0 0 0 0 3 0 0 0 0 0 0 0 0 0 5 3 0 0 0 0 0 5 0 0 0 2 2 0 0 0 0 3 4 0 0 2 0 0 3 0 3 0 3 5 0 0 0 0 0 0 0 0 0 5 0 0 0 0 4 0 0 0 0 0 2 0 0 5 0 4 0 3 0 0 0 0 0 0 0 0 0 0 0 0 0 0 0 0 3 0 0 3 0 0 2 0 0 0 2 0 0 0 0 0 3 0 0 0 0 3 5 4 2 0 0 0 2 0 0 2 0 0 3 0 5 0 0 0 0 0 0 0 0 5 4 0 0 2 0 0 0 0 0 0 0 5 0 0 0 2 0 0 0 3 2 0 0 4 0 0 0 2 0 0 0 0 0 0 0 0 4 0 5 0 3 0 3 0 0 0 0 0 0 0 0 0 0 0 3 2 0 2 0 0 0 0 0 2 3 0 5 
0 4 5 0 0 2 0 0 0 0 0 0 0 0 0 0 0 3 5 0 0 0 0 2 0 0 0 0 5 0 0 0 0 0 0 0 3 0 0 0 0 0 3 0 2 0 4 4 0 2 0 3 0 0 0 0 3 0 0 0 0 4 0 0 0 5 0 0 0 0 0 0 5 0 0 0 4 4 5 5 0 0 0 5 5 2 0 0 0 0 0 0 4 0 0 0 0 0 0 0 0 0 0 2 3 0 0 2 0 0 0 0 3 0 0 3 4 0 0 2 0 0 0 3 0 5 0 0 5 0 4 4 0 4 0 0 0 0 0 0 0 3 0 3 0 0 0 0 4 0 0 2 5 0 3 2 0 0 0 0 0 0 0 0 3 0 3 0 0 0 0 4 2 0 2 0 5 0 0 0 0 2 0 5 0 0 0 0 3 0 0 0 2 0 0 0 3 2 0 2 0 0 0 0 0 0 3 0 0 0 0 5 2 0 3 4 0 3 5 0 0 0 4 3 0 0 0 0 4 0 0 0 0 2 0 0 0 3 0 3 0 0 4 0 0 0 3 0 0 0 3 5 0 0 0 0 0 0 0 2 0 5 0 0 0 0 0 3 4 0 0 0 0 5 4 3 5 0 0 0 3 5 0 0 0 0 0 0 0 4 2 0 0 0 4 0 0 0 0 0 
0 0 0 2 0 0 5 4 0 0 0 5 0 0 5 0 0 2 2 0 0 0 3 5 0 0 0 0 0 0 0 0 0 0 0 0 3 0 5 5 0 0 2 0 0 0 4 0 4 2 0 0 0 0 0 0 0 0 5 0 2 3 0 0 2 0 0 3 0 5 0 0 0 0 0 0 3 0 0 0 3 5 2 0 4 0 5 0 0 0 0 0 4 0 0 5 2 2 0 0 0 0 0 0 0 0 5 0 0 2 0 0 0 0 0 0 0 0 5 5 0 0 0 0 0 3 0 5 0 4 0 5 0 4 2 4 0 0 2 0 2 3 0 0 3 3 0 0 0 0 0 0 0 0 0 0 0 0 0 5 0 0 2 0 0 5 0 0 0 0 0 0 0 0 0 0 0 0 5 4 3 0 3 4 0 5 0 0 3 0 0 0 0 5 4 0 2 0 0 0 5 0 3 0 0 0 0 5 3 4 5 0 0 2 5 4 0 2 0 0 4 0 2 0 0 0 0 4 0 0 3 0 0 0 0 0 0 0 0 0 0 0 0 0 0 0 5 0 0 0 0 0 0 0 0 0 0 3 3 2 0 0 0 0 2 2 0 0 0 0 0 0 0 0 2 0 3 0 0 0 0 5 2 2 4 0 3 0 0 0 0 3 0 4 0 0 0 0 3 0 
0 0 0 4 0 2 0 2 0 3 0 0 0 2 4 0 0 3 0 4 3 0 0 0 0 0 2 0 0 3 0 0 0 0 0 2 0 0 0 0 0 0 3 0 2 0 2 0 3 0 5 2 0 0 0 0 0 2 4 0 2 0 0 0 0 0 0 0 0 0 0 0 2 0 0 4 0 0 0 2 3 2 2 0 0 0 4 4 0 0 0 0 5 0 0 2 0 0 0 0 4 0 3 4 0 0 2 0 0 0 0 0 0 0 0 5 0 0 5 0 3 0 3 0 0 0 0 0 0 3 0 5 0 0 0 0 0 0 4 2 0 2 0 0 0 3 0 0 0 0 0 5 0 4 2 0 0 0 0 5 2 0 0 0 0 5 0 0 0 2 0 0 3 0 0 0 0 4 0 0 4 0 3 0 0 4 5 0 0 0 0 0 0 0 5 5 3 5 3 3 0 4 0 0 0 0 0 0 5 2 0 0 0 0 4 0 2 0 2 0 4 0 0 4 0 5 5 0 4 0 3 2 0 0 0 0 0 3 0 0 0 0 0 0 0 0 0 0 5 0 0 5 0 2 0 0 0 0 0 0 2 0 0 0 0 0 3 0 0 0 0 3 0 0 0 0 0 0 0 0 5 4 0 0 4 0 0 0 0 4 0 0 0 0 5 0 0 3 2 0 
0 0 0 4 3 0 0 0 0 5 0 0 0 2 0 3 0 4 0 0 0 0 0 5 0 4 0 0 4 0 0 0 0 3 0 2 0 4 0 0 5 2 0 0 0 0 2 0 0 0 5 3 0 4 5 2 0 0 2 4 0 0 0 0 4 0 0 0 4 0 0 0 0 0 0 0 0 0 5 0 0 3 0 0 0 0 2 0 0 0 5 0 0 0 0 0 4 3 0 0 0 0 0 0 5 2 2 0 3 0 0 0 0 0 0 0 0 0 0 0 0 0 0 4 0 0 0 2 0 0 3 3 5 5 5 5 3 5 3 0 0 0 4 0 0 0 0 2 0 0 0 5 0 0 0 0 0 5 0 0 0 0 0 3 4 0 0 4 0 0 0 0 0 0 0 5 0 0 0 4 0 0 3 3 0 0 3 0 4 0 2 0 0 0 0 0 0 0 0 3 0 0 0 0 0 4 0 0 5 4 3 0 0 0 2 5 0 0 0 3 0 0 5 0 4 4 3 0 0 5 5 0 0 0 0 4 0 3 0 0 0 0 0 3 4 0 0 0 0 2 0 0 4 0 0 0 0 5 0 0 0 0 5 3 4 0 0 0 4 0 2 4 4 0 4 5 0 0 3 3 0 2 0 5 0 0 0 0 0 0 0 0 0 0 5 0 0 5 0 2 
2 3 0 0 0 4 0 0 0 5 0 4 3 0 0 0 0 4 0 0 0 0 5 0 3 0 0 3 0 2 0 4 0 0 0 4 0 5 0 0 0 2 0 4 0 3 0 0 3 3 0 3 0 0 0 0 0 0 0 0 0 0 0 0 0 0 0 0 0 0 3 3 0 4 4 5 0 5 0 0 5 0 0 0 0 0 0 4 0 0 0 0 2 0 2 0 5 0 0 0 5 3 4 4 0 4 3 0 0 0 0 0 0 0 4 0 0 0 4 0 0 0 5 4 4 0 0 5 0 0 0 4 0 0 0 0 0 0 0 0 0 0 0 0 3 3 0 5 0 0 5 0 0 5 4 2 0 3 0 0 0 2 0 4 0 3 0 0 2 0 0 0 0 5 0 4 4 0 0 0 0 0 0 0 5 2 0 4 5 0 0 3 2 0 0 4 5 0 0 0 0 0 0 2 4 4 0 0 0 5 0 5 0 2 0 0 0 0 0 0 0 0 5 3 4 4 0 0 2 2 0 0 0 0 5 0 0 4 0 0 0 0 4 4 3 4 3 0 0 0 0 0 0 0 0 0 0 0 0 0 0 0 0 0 0 4 2 3 0 0 0 0 0 0 0 0 2 0 0 0 0 5 0 4 0 0 0 0 0 0 0 0 0 0 0 0 3 0 0 0 
0 0 2 2 0 0 3 0 0 0 0 0 4 0 0 0 0 0 0 0 0 4 0 0 0 0 0 0 0 0 0 0 5 4 0 4 0 0 3 0 0 0 3 3 0 0 0 5 0 0 4 0 4 0 0 3 3 0 0 0 0 0 3 0 0 0 0 2 5 0 0 0 0 0 2 2 0 0 0 0 0 0 0 0 0 2 0 0 0 0 4 0 5 4 3 0 0 3 5 0 0 0 5 0 0 4 0 0 0 2 0 3 0 0 0 2 2 0 0 0 0 0 5 0 0 0 0 4 0 0 0 0 0 0 5 0 0 0 0 0 5 0 0 0 0 2 0 0 0 0 0 0 0 0 3 3 0 0 0 2 0 0 0 4 0 0 0 4 0 0 2 0 0 0 0 0 0 0 4 0 0 3 0 0 0 0 0 2 3 0 0 5 0 0 2 0 5 0 0 0 0 4 0 0 0 5 4 3 3 0 3 0 0 0 4 0 4 4 0 0 0 3 0 0 0 0 4 0 0 2 0 0 0 0 2 0 0 0 5 3 0 0 0 0 0 2 0 0 0 0 5 5 0 0 0 0 3 2 0 0 0 0 0 2 0 0 0 4 3 0 0 4 0 0 0 2 0 4 0 0 0 0 0 0 0 0 0 0 0 0 5 2 5 0 0 4 0 0 2 0 
0 0 3 0 0 0 3 3 5 0 0 0 5 2 0 0 0 0 0 3 0 4 2 5 2 2 4 0 0 0 0 0 0 0 0 0 0 5 0 0 0 0 0 0 0 0 0 3 0 0 0 0 0 3 2 0 0 4 0 0 5 0 3 0 0 0 0 0 0 5 0 0 0 4 0 0 5 0 0 4 0 0 2 0 0 0 5 3 0 0 2 0 0 4 0 0 5 0 0 5 0 0 0 0 0 0 5 5 0 0 0 3 0 4 2 2 0 0 0 0 0 0 4 4 0 0 5 2 2 0 2 0 3 4 0 0 0 0 5 0 0 5 0 0 0 5 3 0 2 0 0 4 3 0 0 0 0 0 0 4 5 0 0 0 4 5 0 3 5 2 0 0 0 0 2 0 0 0 0 0 2 5 5 0 0 0 0 3 2 4 0 2 0 5 5 2 5 0 0 0 0 2 4 5 3 3 3 0 0 0 0 5 3 4 5 0 4 4 5 3 3 0 0 5 0 0 0 2 2 0 0 2 3 0 2 2 0 0 5 0 0 4 0 5 2 0 3 0 0 0 0 3 0 0 0 0 0 0 4 5 2 0 0 0 0 0 0 0 3 0 0 5 5 0 0 0 0 0 0 5 0 0 0 3 0 0 2 2 0 0 3 4 0 5 0 3 2 0 0 2 
0 0 2 3 0 5 2 0 0 3 0 0 0 0 0 0 0 0 5 4 4 0 5 0 3 0 0 5 2 0 0 0 4 0 4 0 4 3 0 3 2 0 5 0 3 0 0 0 4 0 0 0 0 2 0 0 2 0 0 0 0 4 5 2 0 0 0 0 0 2 0 4 0 4 0 0 5 0 5 0 0 3 0 0 0 0 0 2 0 0 2 5 0 0 0 0 5 4 0 0 0 2 0 0 0 3 2 0 0 0 4 0 0 0 5 0 5 0 0 0 0 0 0 0 0 2 0 4 0 2 0 0 0 0 0 3 0 4 0 0 0 3 0 0 0 0 0 0 3 0 0 0 2 5 0 4 0 0 0 0 4 0 5 0 0 4 0 3 5 5 5 5 2 0 5 0 3 0 0 0 3 0 0 0 5 0 0 0 0 0 0 0 3 0 0 0 0 0 0 3 0 5 2 0 5 4 0 0 0 0 0 0 3 2 0 0 0 5 2 4 0 5 0 3 0 0 0 0 0 0 0 0 0 0 0 0 0 4 5 0 0 0 0 0 0 0 0 0 0 0 3 0 2 2 0 0 4 0 0 4 0 4 3 0 0 0 0 0 0 3 3 0 3 0 0 0 0 3 0 3 0 0 2 0 4 3 0 0 0 0 0 0 3 0 0 0 3 0 2 0 
0 0 2 0 0 5 0 0 0 0 4 0 0 0 0 0 0 4 4 0 5 5 2 0 0 2 5 4 0 0 0 0 4 0 0 0 4 0 4 0 3 0 0 5 0 0 0 0 0 0 5 0 2 5 0 0 0 0 5 0 0 0 5 2 0 0 0 0 3 0 0 0 5 0 0 0 0 4 3 0 0 0 0 2 0 0 0 5 4 0 0 0 0 5 3 0 0 0 5 0 0 0 3 4 4 4 0 4 0 0 0 4 0 0 0 5 3 0 4 5 2 0 2 0 5 0 0 0 0 3 2 0 2 0 0 0 5 2 0 0 0 0 4 2 0 0 0 0 0 4 0 0 2 4 0 0 0 0 0 0 0 0 0 0 5 0 5 3 3 0 0 2 3 0 0 4 0 4 0 5 0 5 0 3 0 2 0 0 0 0 0 4 0 4 4 0 0 0 0 4 2 0 0 4 0 0 0 0 4 0 0 0 0 0 0 0 0 0 3 5 0 0 0 0 2 5 0 3 0 0 0 0 0 0 0 0 0 0 0 0 0 0 0 0 0 0 0 3 0 2 2 5 3 0 0 2 0 4 0 0 0 0 3 0 3 3 0 0 0 0 0 0 0 0 2 0 0 0 0 0 0 0 0 0 3 0 0 0 0 0 4 5 0 2 0 4 0 0 0 0 
0 2 0 0 4 0 0 2 3 5 0 0 3 0 0 0 4 0 2 0 5 4 2 5 5 3 0 0 0 0 0 4 0 2 0 3 0 0 0 2 0 2 0 0 0 3 4 0 0 3 0 0 0 2 0 0 0 3 0 5 2 4 2 0 0 0 0 0 5 0 0 0 0 0 0 2 0 0 0 0 0 0 3 0 0 4 5 5 3 0 0 0 5 0 0 4 3 0 5 0 0 0 5 0 0 4 0 2 0 0 3 0 0 0 4 3 0 0 0 0 0 0 0 0 0 2 0 0 3 0 4 5 4 0 4 4 5 2 5 0 0 0 0 3 0 2 0 0 5 0 4 0 0 2 0 3 0 0 0 0 0 5 0 3 4 2 0 0 0 0 2 0 0 3 0 2 3 5 3 0 0 0 0 0 0 0 0 3 0 2 0 0 0 0 0 0 2 5 0 0 2 0 0 0 0 4 3 0 0 0 0 0 0 0 0 0 0 0 0 0 0 0 0 0 4 2 0 5 4 5 0 0 0 0 4 0 2 0 0 0 0 3 0 3 0 0 0 0 0 0 0 5 5 2 0 0 0 4 5 0 0 3 0 0 0 4 0 4 0 0 4 5 0 0 5 0 0 4 0 0 2 4 0 0 0 4 0 0 0 0 0 0 0 0 0 0 0 0 5 0 
0 0 5 0 0 2 0 3 0 2 0 0 0 4 5 0 0 0 0 0 0 0 0 0 0 4 4 0 0 0 0 3 0 0 0 0 0 0 5 0 0 0 0 0 0 0 0 0 0 0 0 5 0 0 4 4 0 0 0 0 0 0 0 0 0 0 0 0 0 5 0 0 0 0 0 0 5 0 0 0 0 3 0 2 3 0 0 0 0 0 0 0 4 4 0 0 5 0 0 0 2 3 0 0 0 0 0 0 0 0 2 0 3 5 0 0 0 0 4 0 0 0 0 2 0 5 4 3 0 0 5 0 0 0 0 0 0 0 0 0 3 2 0 3 0 0 3 0 0 0 0 0 0 0 0 0 0 0 0 0 0 0 3 0 3 0 3 0 0 0 0 0 0 0 0 5 0 0 0 0 4 0 0 0 0 3 5 0 3 0 0 0 5 3 5 0 4 0 0 0 0 4 0 0 0 3 0 0 0 0 0 2 3 0 0 5 3 0 0 0 0 3 0 0 2 0 0 0 0 4 0 0 0 0 4 0 0 0 0 0 3 0 0 3 5 0 0 0 0 0 0 5 0 0 0 0 0 0 2 0 0 0 0 0 5 5 0 0 0 0 3 0 0 4 2 0 0 0 0 0 4 0 0 0 0 4 0 5 0 0 0 0 0 5 3 0 3 5 5 0 
0 0 0 0 0 0 0 0 0 0 0 3 0 5 0 0 2 0 5 0 0 0 5 0 0 0 5 0 4 0 0 0 3 5 0 0 0 5 0 0 0 3 0 0 0 0 4 0 0 0 2 5 0 0 0 0 3 0 0 0 0 0 3 0 0 5 5 0 0 0 4 0 3 5 0 0 0 2 3 3 0 0 0 0 0 3 0 2 0 0 0 2 0 0 0 5 0 0 0 0 0 0 2 0 0 0 4 0 0 0 0 3 0 0 0 0 0 5 3 0 0 3 0 2 0 0 0 0 2 0 2 2 2 0 0 0 0 4 0 0 0 0 0 0 3 0 0 0 0 0 3 2 0 0 0 3 2 0 0 5 3 0 2 3 0 4 0 0 0 0 2 2 0 0 0 0 0 0 0 0 0 0 4 4 0 5 0 0 0 2 0 0 0 0 2 0 3 0 3 0 0 3 0 0 0 0 0 0 0 0 4 5 0 0 0 4 0 0 0 0 4 0 0 0 3 3 2 0 0 5 5 0 0 0 0 0 5 3 0 3 0 0 0 0 4 4 0 0 0 2 5 0 0 0 2 2 0 0 0 0 4 4 0 5 3 4 0 0 0 5 0 0 0 0 5 0 0 3 0 0 2 4 0 0 0 4 5 0 5 0 0 0 0 0 0 0 0 0 0 0 
0 0 0 2 0 0 2 0 3 0 0 0 0 0 0 0 0 0 5 0 0 4 0 3 0 0 0 0 0 0 0 4 0 0 0 0 0 0 0 4 0 3 0 2 0 5 3 0 4 4 0 0 0 0 0 3 5 5 0 0 0 0 2 0 0 0 0 0 3 5 4 0 0 0 0 0 0 3 0 0 0 0 0 0 2 0 2 5 0 0 0 0 0 5 0 0 2 0 0 0 4 0 4 0 4 0 0 0 0 0 2 4 0 0 0 3 0 2 0 0 5 0 0 5 0 0 2 0 3 0 0 4 5 0 5 0 0 0 4 0 3 0 0 0 0 0 0 3 0 3 0 0 0 0 5 4 5 2 3 0 3 3 0 0 0 0 0 0 0 4 0 0 2 2 0 0 0 0 0 3 0 4 0 0 0 0 5 0 2 0 5 0 0 0 0 0 0 0 0 0 5 0 5 0 0 0 0 0 3 2 0 2 0 4 4 0 2 0 5 0 5 0 3 0 0 0 5 0 0 4 0 0 5 0 0 0 0 0 0 0 0 0 0 0 0 0 5 3 4 0 4 4 0 3 0 0 4 4 0 0 2 0 2 0 0 4 0 0 0 0 2 0 4 0 0 2 4 0 0 0 0 0 0 0 0 5 0 0 0 5 3 0 0 0 0 0 0 0 2 0 
4 0 0 0 0 0 2 2 3 0 3 0 0 2 3 0 0 4 4 0 3 0 0 3 0 2 0 0 0 0 0 0 4 4 3 0 0 2 0 0 0 0 0 3 5 5 4 0 3 0 0 0 0 0 2 0 0 0 0 0 0 0 0 3 0 0 0 2 0 0 2 0 0 0 0 0 0 0 5 0 0 0 0 0 2 0 0 0 0 3 0 0 0 0 0 0 0 0 0 0 0 0 0 0 0 0 0 0 0 0 2 0 0 4 2 0 0 2 0 5 0 0 0 3 0 0 0 0 0 0 0 0 0 3 0 4 2 0 2 5 4 0 0 4 0 0 0 4 0 0 0 0 0 4 0 0 4 0 3 0 2 0 0 0 0 0 0 0 0 4 0 0 0 0 0 3 0 2 5 0 0 0 0 0 3 0 5 3 0 0 0 0 0 0 3 0 0 5 0 0 5 0 5 3 4 0 5 0 0 4 0 0 0 0 0 0 5 0 3 0 0 0 0 0 4 0 0 0 0 0 0 0 0 4 0 0 0 0 5 0 5 0 0 0 0 2 0 0 0 0 0 0 3 0 2 0 3 0 0 4 0 0 0 3 3 4 0 2 4 0 0 3 0 0 0 0 0 4 0 0 0 5 0 3 3 0 3 0 0 5 0 0 0 2 2 0 2 0 0 4 
0 2 0 0 0 0 0 0 2 0 0 3 0 0 0 0 2 0 5 0 0 0 0 0 5 0 2 0 0 0 0 0 0 3 0 0 0 0 0 0 0 0 4 0 0 0 0 0 0 0 0 0 0 0 0 3 0 0 0 0 0 3 3 0 3 4 0 4 0 5 0 3 0 0 0 0 0 2 0 0 0 4 3 0 0 3 3 3 0 0 0 0 0 0 4 0 0 2 0 0 0 0 0 0 5 3 0 4 0 0 0 0 0 5 2 0 2 0 0 5 0 0 0 0 0 0 0 0 0 0 0 0 4 0 0 0 0 4 2 2 5 0 2 0 0 0 4 5 0 4 0 0 0 0 5 0 2 0 0 5 0 0 0 0 0 0 0 0 0 0 0 0 4 0 5 0 0 0 4 0 0 4 0 0 4 0 4 3 0 0 0 0 5 5 0 0 0 0 4 0 4 3 0 0 0 0 4 0 0 0 5 4 2 0 0 2 0 5 3 3 5 0 0 0 0 0 0 0 0 0 0 0 0 0 2 5 4 0 0 4 0 0 0 5 3 0 5 3 0 0 0 5 5 4 2 2 0 0 0 0 5 0 5 3 0 0 0 0 0 2 0 2 0 2 0 0 0 0 0 0 0 0 0 3 2 0 0 3 0 0 0 0 2 3 0 0 0 0 0 5 
0 0 0 2 3 4 0 0 0 0 0 5 4 0 0 0 3 0 3 0 0 0 0 3 0 5 5 5 0 0 0 0 0 0 3 0 0 0 0 0 0 0 0 0 0 0 0 0 2 4 5 0 0 0 0 5 0 3 0 4 0 0 0 0 0 0 0 0 0 5 0 0 0 0 0 0 0 0 0 0 0 0 0 0 5 0 0 0 0 3 0 0 4 0 0 5 0 0 0 0 0 0 5 2 0 0 0 5 0 0 0 0 0 0 0 2 2 4 0 0 0 0 0 0 0 0 3 0 0 0 0 0 0 0 0 0 0 5 0 0 0 0 0 2 0 0 0 0 0 4 2 0 0 0 2 0 0 0 3 0 0 2 4 0 0 0 5 0 0 0 4 5 3 2 0 4 4 0 0 0 5 0 2 2 0 4 4 5 2 2 5 3 0 5 0 4 0 5 0 0 0 4 0 0 3 0 0 2 0 0 0 0 0 0 2 0 2 2 0 0 0 5 0 3 0 2 4 2 0 0 0 0 0 0 0 0 0 0 0 0 2 0 0 0 0 0 5 0 0 0 0 5 0 0 5 0 0 0 0 0 0 0 4 3 5 0 0 0 0 0 2 0 2 0 0 0 0 0 0 0 4 0 0 5 5 0 0 3 0 0 5 0 0 3 5 0 0 5 3 0 
0 3 0 0 0 3 0 3 0 2 0 0 0 0 0 4 0 0 0 0 0 2 0 0 0 0 0 2 0 0 3 3 0 0 0 0 0 0 0 0 0 2 0 0 0 0 0 0 5 5 0 0 3 0 0 2 3 0 0 0 0 0 3 0 0 0 0 0 0 0 0 5 0 5 5 0 0 0 0 0 2 5 0 4 0 0 0 0 0 0 0 0 0 0 3 0 0 3 0 0 0 3 3 0 0 0 0 2 0 0 0 0 0 5 0 0 0 3 4 0 0 0 0 0 3 3 0 0 5 3 0 0 4 4 0 3 0 0 0 5 0 0 0 0 0 0 0 0 5 0 3 0 2 0 0 5 3 5 3 0 0 0 2 5 0 2 0 5 0 5 0 0 0 2 0 0 3 0 4 0 0 0 4 0 0 0 0 0 0 0 0 0 0 0 0 2 0 0 0 0 5 0 0 4 0 4 0 0 0 0 2 0 0 0 5 0 0 0 5 4 0 0 2 0 0 3 0 4 5 0 4 0 0 0 0 0 5 0 3 0 0 4 0 0 0 0 0 0 0 0 0 0 0 0 0 4 0 0 0 0 0 0 0 4 0 5 3 2 2 3 0 2 0 0 0 0 0 0 3 0 0 2 0 0 0 0 4 0 4 0 0 4 0 0 0 0 0 0 3 5 
0 0 0 0 5 0 0 3 0 3 0 5 0 0 0 2 0 5 0 0 0 0 0 5 3 0 0 0 3 0 0 0 0 0 0 5 0 2 0 0 0 0 0 0 0 0 0 0 0 5 0 0 5 0 0 0 0 2 0 2 0 0 2 2 4 0 5 0 0 0 5 5 0 2 0 0 0 0 0 0 0 5 0 5 0 0 0 0 0 0 0 3 3 0 0 2 0 0 0 5 5 0 0 0 0 0 5 0 0 4 0 4 5 0 0 2 5 0 0 0 0 3 5 0 3 0 0 0 0 0 0 0 3 2 0 5 0 3 2 0 3 0 3 0 0 2 4 4 0 0 0 4 0 3 0 0 4 0 3 0 0 4 0 0 0 4 0 5 3 3 0 0 5 0 0 0 0 0 0 5 0 0 0 3 0 2 0 0 0 0 0 0 0 0 0 0 0 0 0 0 0 4 0 3 0 0 0 0 0 0 0 0 0 2 0 0 0 5 0 0 0 0 0 0 0 0 3 2 0 0 0 2 0 3 0 0 4 0 0 0 0 0 0 0 0 2 0 0 0 0 0 0 0 0 2 3 2 0 0 0 4 0 0 2 0 3 0 0 0 4 0 0 0 4 0 0 0 3 4 0 0 0 0 0 0 0 4 0 3 0 0 0 5 0 4 5 0 0 0 0 
2 2 4 0 0 0 2 0 3 0 0 3 0 0 0 5 0 0 0 0 4 0 3 0 0 2 4 2 0 0 0 0 0 5 4 0 0 0 0 0 0 0 3 4 0 3 3 4 0 0 0 0 0 0 0 4 0 5 0 2 2 0 0 0 0 0 0 2 3 0 0 0 0 0 0 0 0 4 0 0 0 2 0 0 0 0 0 0 5 3 0 0 0 2 0 0 3 0 2 0 4 0 0 0 5 0 0 4 0 0 0 0 0 4 0 0 0 0 0 0 0 0 0 0 5 0 0 4 0 0 0 0 0 0 0 3 0 5 5 0 0 2 0 5 0 0 2 0 0 0 0 0 4 3 0 4 0 0 0 0 4 0 4 3 0 3 0 0 0 3 0 0 5 2 0 0 0 5 0 0 2 0 2 3 0 0 0 4 0 0 3 0 0 0 0 0 0 2 0 0 5 5 4 0 0 0 5 2 2 0 5 0 0 0 0 2 0 3 0 3 0 0 0 4 0 0 0 5 2 0 2 0 0 0 4 0 2 5 0 2 0 5 0 0 0 0 0 0 0 0 0 2 4 0 0 2 2 0 0 0 3 0 0 0 0 0 5 0 0 0 5 3 0 0 0 0 0 0 4 0 2 0 0 0 4 5 0 0 0 0 0 0 3 0 0 3 0 0 0 0 
0 0 0 0 5 0 0 0 3 3 0 0 0 0 4 3 0 0 0 0 0 0 3 0 0 0 0 0 3 0 0 2 0 0 0 2 0 5 0 0 0 0 4 0 5 3 2 0 4 4 3 5 0 5 5 0 0 5 5 0 2 0 0 0 0 0 0 0 2 0 3 3 0 0 0 5 3 0 0 0 0 0 3 0 0 0 0 2 0 5 0 0 0 0 0 0 0 0 0 0 0 0 0 0 0 0 0 5 0 2 0 0 0 2 3 0 0 3 0 0 2 5 5 0 0 0 2 0 5 0 0 0 2 0 5 0 0 0 0 0 4 3 2 2 0 0 0 0 0 3 0 2 3 0 2 0 0 0 0 0 0 2 0 0 3 0 0 2 0 0 0 0 0 0 0 0 0 4 0 0 5 4 0 0 0 0 4 5 0 3 0 0 0 5 0 0 2 0 0 0 0 0 2 4 4 0 0 5 3 0 5 5 0 0 3 3 0 0 0 0 0 0 0 0 0 5 0 5 0 0 3 4 0 3 0 2 0 3 0 3 0 0 0 3 0 2 2 0 5 0 0 0 0 4 0 0 3 0 0 5 3 0 0 0 0 5 0 0 0 0 5 0 3 4 0 0 3 0 0 5 0 5 0 0 0 0 0 4 0 0 0 0 0 3 4 0 0 5 0 4 
4 2 0 0 3 5 3 0 0 0 0 0 5 3 2 0 0 0 0 0 0 0 0 0 0 0 0 0 0 0 0 0 0 0 0 0 0 4 0 0 0 0 0 5 0 0 0 2 0 4 0 0 0 0 0 0 0 4 0 0 0 0 0 0 2 0 0 0 0 0 5 0 0 5 0 0 4 0 0 5 0 0 0 0 0 0 0 0 0 5 4 0 0 0 0 0 0 0 3 0 0 0 2 0 0 0 0 0 0 0 0 0 0 0 0 3 4 4 0 0 0 0 0 0 4 0 0 0 0 0 0 0 0 0 0 0 0 0 0 0 0 5 5 0 0 0 4 0 0 5 0 0 3 2 4 0 0 0 0 0 0 2 0 3 5 0 0 2 0 0 0 2 0 0 0 0 3 0 0 0 0 3 0 0 0 3 0 0 0 0 0 0 0 0 0 0 0 0 0 0 0 0 5 0 3 3 0 0 4 0 3 0 4 0 0 0 0 0 0 0 0 4 4 0 4 0 0 0 0 0 0 0 0 3 0 0 0 0 0 0 2 0 0 3 0 0 4 0 0 0 0 0 0 0 0 0 0 0 0 5 0 0 0 0 4 0 5 0 2 0 0 0 0 0 0 4 0 0 3 0 0 3 0 0 0 0 0 4 0 0 0 0 4 3 0 2 4 0 0 0 
2 0 0 5 0 0 0 0 0 5 0 0 5 5 2 5 0 5 2 0 0 0 4 0 0 0 0 2 0 0 2 0 0 0 3 0 0 0 0 0 5 4 0 0 0 0 3 0 0 0 3 0 3 5 0 0 0 0 0 0 0 0 0 0 0 0 0 0 0 0 0 0 0 5 0 0 0 0 0 0 0 3 0 0 0 0 3 3 0 0 0 2 0 0 0 0 0 5 0 0 5 0 0 0 4 0 0 0 0 0 0 0 0 0 3 2 0 0 0 4 0 0 0 3 5 4 0 0 3 3 4 0 0 4 0 3 0 2 0 0 0 0 4 0 0 0 0 0 0 4 0 0 0 0 0 0 4 0 0 3 0 0 0 5 0 0 0 0 0 5 4 5 0 0 2 4 3 2 3 0 0 4 0 0 5 5 0 0 0 0 4 2 0 3 0 0 0 0 0 0 3 0 0 0 0 2 0 0 0 3 2 0 0 0 4 2 0 0 0 0 0 0 0 0 0 0 5 0 0 0 0 0 0 0 0 0 0 3 0 2 0 0 0 0 0 4 0 0 3 0 5 4 0 0 5 0 0 0 2 2 0 0 0 0 0 2 2 0 0 0 0 2 5 0 0 0 0 4 0 0 0 0 0 4 5 4 0 0 0 0 4 0 0 0 0 0 0 0 5 4 
0 0 2 0 4 0 0 0 3 0 0 0 3 0 4 2 0 0 2 4 0 2 0 2 4 2 2 0 2 5 2 0 0 0 2 0 4 0 0 0 0 5 4 0 0 0 0 2 0 0 0 0 5 0 0 0 5 0 0 0 4 5 0 0 0 0 0 0 4 0 0 0 0 5 0 0 4 0 0 0 0 0 0 0 0 2 0 0 3 0 0 0 0 0 5 0 0 0 0 4 2 0 0 5 5 0 0 0 0 0 4 3 0 3 0 5 0 0 0 0 3 0 0 0 0 0 5 0 0 0 4 0 0 0 0 0 0 0 2 0 0 0 5 5 0 3 0 2 0 0 0 4 0 0 0 0 0 2 0 5 0 2 0 4 0 0 0 0 0 0 0 0 0 0 3 5 0 0 0 0 2 0 0 0 0 0 2 5 0 3 3 0 0 5 0 0 0 0 4 0 0 0 0 0 0 2 0 0 0 0 0 0 0 0 0 0 0 0 4 0 0 0 0 4 0 0 3 2 0 2 2 0 2 0 5 5 2 0 0 0 0 0 0 0 0 0 3 3 0 0 0 4 0 0 0 0 0 5 0 0 0 0 0 0 2 0 0 0 0 0 0 4 0 3 4 0 0 0 0 3 4 3 0 0 0 0 5 0 4 0 0 0 2 0 0 0 5 3 0 0 
0 5 0 0 0 0 5 0 2 0 0 0 0 0 0 0 0 0 0 0 4 0 0 0 0 0 0 0 0 0 0 0 0 0 5 0 0 0 0 0 4 0 3 0 0 0 0 0 2 0 3 0 0 0 0 5 0 0 0 0 0 0 5 0 3 0 0 5 0 0 0 5 0 0 0 4 0 0 0 3 4 0 4 0 5 0 0 5 0 0 2 2 0 0 0 0 0 0 3 3 0 2 0 0 5 0 0 0 0 0 0 4 0 0 0 3 2 0 4 0 0 0 3 0 5 0 0 3 2 0 0 4 0 4 0 0 0 2 3 4 0 5 5 0 0 0 0 0 4 0 0 0 0 2 4 0 0 0 5 3 0 0 0 0 0 0 4 5 3 3 0 0 2 5 0 5 4 0 3 0 0 4 3 0 0 3 0 0 4 0 5 0 0 2 0 0 3 0 0 3 0 0 0 0 0 0 0 0 0 4 5 0 0 0 0 0 2 0 3 0 0 0 3 3 0 0 0 0 5 0 0 0 3 0 0 2 0 0 0 3 0 0 0 0 3 0 4 0 0 0 5 0 0 0 0 0 0 0 5 0 0 3 0 0 2 0 0 0 0 0 0 0 5 0 3 0 0 0 0 0 3 2 2 2 0 0 2 0 0 0 4 0 0 3 0 2 0 0 0 2 
3 5 0 0 0 0 0 0 0 3 5 0 0 2 4 0 0 0 4 0 4 0 5 4 0 0 0 0 0 0 0 0 0 0 0 0 0 2 0 0 0 2 0 0 0 3 0 0 0 0 2 0 0 0 0 0 0 0 0 2 0 5 0 0 5 0 3 5 0 0 0 4 5 0 4 0 0 0 0 0 0 0 0 0 0 5 0 0 0 0 0 5 5 0 0 0 0 0 0 0 0 0 0 0 0 2 0 0 2 0 0 0 0 4 2 0 0 0 0 3 0 0 0 0 0 0 3 5 0 0 4 4 2 2 0 0 0 0 0 0 0 5 5 0 3 0 3 0 0 0 4 0 4 0 0 0 0 0 2 3 0 0 0 0 5 0 0 0 0 0 5 0 0 0 0 2 3 0 0 0 2 0 0 0 0 3 0 5 0 0 0 0 0 5 2 4 0 0 0 0 0 0 0 2 0 0 0 0 0 0 0 0 0 0 0 0 4 4 0 0 0 0 0 0 0 0 0 3 5 0 0 0 0 0 3 0 3 0 0 0 0 0 0 0 3 2 3 0 2 0 0 0 4 4 2 0 0 0 0 5 3 4 4 0 0 4 0 4 0 0 0 4 0 0 0 0 0 0 0 0 2 0 0 0 0 4 0 0 0 0 0 3 0 2 0 0 0 0 0 0 
0 0 4 0 5 0 0 3 2 0 0 4 2 0 0 0 0 0 0 0 0 0 0 0 2 3 5 0 0 0 5 0 0 0 0 0 0 0 0 0 3 0 3 4 3 0 0 4 0 5 0 0 2 2 0 5 3 0 0 0 0 0 4 0 0 0 3 2 0 0 2 0 0 0 3 0 5 0 0 0 0 0 0 0 0 0 0 0 0 2 5 2 0 2 4 5 0 0 2 0 0 0 0 0 0 0 2 0 0 0 2 0 0 0 0 0 0 0 0 0 0 0 0 3 0 4 5 0 0 0 0 0 0 4 0 0 0 0 0 0 0 2 0 0 0 0 0 5 0 0 0 0 0 0 0 0 3 0 0 3 0 0 0 0 0 0 4 0 0 0 0 0 0 0 2 0 3 0 0 0 2 0 5 0 0 0 0 0 0 0 0 0 0 2 0 4 4 3 3 0 0 0 0 0 0 0 0 3 0 5 0 3 0 0 5 0 0 0 0 0 0 0 0 0 0 0 0 0 0 2 0 0 0 4 5 3 0 5 2 0 0 0 4 0 0 0 5 4 0 0 0 0 0 0 0 0 0 0 3 5 0 4 0 0 0 0 0 0 4 0 5 0 0 3 0 0 0 5 0 0 0 0 2 0 0 0 2 3 0 0 0 0 4 5 0 2 0 0 0 0 
0 4 0 0 4 0 0 0 0 5 4 4 0 0 0 0 0 0 4 0 2 2 0 4 0 0 3 2 3 0 0 4 0 2 0 0 0 2 0 5 0 3 3 2 4 3 5 0 0 0 0 0 3 2 0 0 0 5 3 0 5 0 0 0 0 0 0 0 0 2 0 4 0 0 3 0 4 2 5 0 5 0 0 0 5 0 3 0 0 0 0 3 5 0 0 0 0 5 0 0 0 0 0 0 5 0 0 0 0 0 0 0 0 0 3 3 0 0 0 2 0 0 2 0 0 3 0 2 0 0 3 0 0 0 0 0 0 3 3 5 0 0 0 5 0 0 3 0 4 4 0 0 0 2 0 0 0 4 0 0 3 0 3 3 0 0 0 2 0 0 3 0 0 3 0 4 0 0 0 3 3 4 0 0 0 2 0 3 0 2 4 0 0 0 5 0 0 0 5 0 0 0 0 5 4 4 4 0 0 0 0 4 5 0 0 0 0 0 0 0 0 0 0 2 5 0 0 0 0 0 0 0 0 0 0 5 2 0 0 3 2 0 5 0 0 5 0 0 0 0 0 0 0 0 0 0 5 0 0 0 0 3 0 0 2 0 0 3 0 5 0 0 0 0 0 2 2 0 0 2 0 0 2 0 5 0 0 0 5 0 5 0 2 0 0 4 0 0 5 0 
0 0 0 0 5 0 0 5 0 0 0 0 0 0 4 0 0 3 0 0 5 0 5 0 2 0 0 0 0 0 0 0 5 0 0 0 4 0 0 0 0 0 0 0 4 0 2 0 0 0 0 4 0 3 5 0 0 0 0 2 5 0 0 0 0 0 0 2 4 0 5 3 0 0 2 0 4 0 0 4 0 5 0 0 0 4 0 0 0 0 0 5 0 0 5 4 5 0 0 0 2 0 2 0 5 0 0 0 5 0 2 3 0 4 4 0 0 0 5 0 0 0 0 0 4 0 0 0 0 0 0 0 0 5 3 0 0 2 0 0 0 0 0 0 0 2 4 4 4 0 2 0 2 3 3 0 0 3 0 0 3 4 0 0 3 0 0 0 0 0 0 0 4 0 0 0 2 0 0 4 0 3 0 0 0 0 0 0 4 0 0 2 4 4 0 0 0 0 4 0 0 0 0 0 0 0 0 0 0 0 0 0 0 0 3 0 0 0 0 4 0 0 5 0 0 0 0 0 4 0 0 0 0 0 2 0 2 0 0 5 0 0 4 0 0 0 4 0 0 0 0 0 0 3 0 3 4 0 4 0 2 0 4 0 0 0 5 0 0 0 0 0 0 5 3 4 0 0 0 0 0 5 2 0 0 0 0 0 4 0 0 3 0 0 0 0 0 0 2 0 
5 4 2 0 0 0 0 0 4 0 0 0 0 0 0 0 0 0 0 4 0 2 0 0 0 0 0 0 0 0 2 0 0 0 0 5 2 0 2 3 3 0 0 0 0 0 5 0 4 0 0 0 0 0 0 0 4 0 0 2 4 0 0 5 0 2 0 0 0 0 0 0 0 0 3 0 0 0 0 0 5 0 0 0 5 2 0 0 4 3 5 2 5 2 0 2 0 0 0 0 0 0 4 0 0 0 2 0 0 0 0 3 0 5 0 0 0 0 0 0 2 0 3 0 0 2 0 3 0 2 0 4 0 0 4 0 4 0 0 0 0 0 3 0 4 0 0 2 0 0 0 0 2 5 2 3 0 3 2 0 0 0 2 0 0 0 0 4 0 3 0 4 0 0 3 0 0 0 0 0 5 0 0 0 0 4 0 0 3 0 0 0 0 2 0 4 0 0 4 0 0 0 0 0 0 2 0 3 2 0 2 0 3 3 0 0 0 2 0 2 0 0 2 0 0 3 0 0 0 0 0 0 0 5 0 0 0 0 0 5 0 0 5 5 3 4 5 3 0 4 0 0 0 4 5 0 0 0 0 2 0 3 4 5 0 5 0 0 0 0 4 2 5 0 0 0 0 0 0 4 0 3 0 0 5 5 3 0 0 0 0 0 0 0 0 0 0 0 0 2 
3 0 0 0 0 0 3 3 3 0 5 0 2 0 0 0 4 2 5 0 0 5 0 0 0 0 2 0 0 0 0 0 2 0 2 2 5 4 0 3 0 0 5 0 0 0 5 4 5 3 0 0 0 5 0 0 0 0 3 0 0 0 0 0 0 0 0 0 0 0 0 0 0 5 0 0 2 0 0 0 0 3 0 0 0 0 5 2 0 2 3 2 0 0 0 0 0 0 0 0 0 0 2 0 0 0 0 0 0 3 5 0 0 0 0 3 4 0 4 0 0 0 0 0 0 3 0 0 0 4 3 0 3 0 0 0 0 0 0 0 5 0 5 0 0 2 0 0 0 0 0 4 0 0 3 0 0 0 0 0 0 0 0 0 0 5 0 0 0 0 0 0 0 0 0 5 0 3 0 0 2 0 0 0 3 0 0 0 4 4 0 0 0 0 0 0 0 0 0 0 5 0 2 0 0 0 4 2 0 0 0 4 0 0 5 0 5 0 0 0 3 0 0 0 0 2 2 0 0 0 0 0 0 0 3 0 0 0 0 4 0 3 0 0 0 0 0 0 0 0 4 0 5 0 0 0 0 0 4 5 0 0 0 2 0 0 0 5 0 0 0 0 4 0 2 2 2 0 0 4 0 0 0 0 0 0 0 0 0 0 0 5 0 2 5 0 3 0 0 0 
3 0 0 0 4 3 0 0 0 0 0 0 0 0 0 0 2 0 0 3 0 0 0 0 0 5 3 2 0 0 0 4 0 0 3 0 0 3 5 0 5 2 0 0 0 5 0 0 2 5 0 3 0 4 4 0 0 0 0 0 0 0 0 0 0 0 0 5 0 4 0 0 0 5 0 0 0 0 0 0 5 0 0 0 0 0 0 3 0 4 5 2 0 0 2 0 0 3 0 2 0 4 0 0 0 0 0 0 0 3 3 2 2 0 0 5 5 0 5 0 5 0 0 4 0 0 0 0 0 5 0 0 3 5 3 0 0 0 0 2 0 0 0 0 2 0 0 0 0 0 0 0 0 5 0 2 0 0 5 2 0 0 0 0 0 0 0 0 3 3 0 0 0 0 0 0 0 0 2 5 3 2 5 0 0 0 0 2 0 0 0 0 0 2 0 0 0 0 0 3 4 4 0 4 4 3 0 4 3 0 0 0 5 0 0 3 0 0 0 0 0 3 0 5 0 3 0 3 0 0 0 0 0 0 0 0 0 0 0 0 0 0 0 3 0 0 0 0 0 0 5 0 0 0 0 0 0 2 4 0 0 0 0 0 2 0 0 0 0 4 0 3 0 0 0 0 0 0 0 0 0 0 0 0 2 5 0 0 4 2 0 5 0 0 2 0 0 0 0 5 
0 0 0 5 3 0 0 4 0 0 5 4 0 0 4 0 0 0 2 5 0 3 0 0 3 4 0 2 0 0 0 5 0 5 4 0 0 4 0 4 0 0 0 0 0 0 0 0 5 0 5 4 0 5 3 0 0 0 0 0 0 0 0 0 0 0 0 0 5 0 0 3 0 0 0 0 0 0 0 2 0 0 0 3 0 2 0 0 0 0 0 4 4 0 5 0 0 0 0 0 5 4 2 0 0 5 0 0 2 2 0 0 0 4 0 0 3 0 2 0 0 0 0 3 0 0 2 0 0 0 0 0 0 0 3 0 0 4 0 0 4 0 5 0 0 0 0 0 0 0 5 0 5 4 0 0 0 0 4 5 0 5 0 5 0 0 0 0 5 5 0 0 0 0 0 0 0 4 0 0 0 0 0 0 0 0 0 0 0 4 0 2 0 2 0 0 5 0 3 0 0 5 0 2 0 0 0 4 0 0 0 0 0 0 0 0 0 0 0 0 0 0 0 0 0 0 0 0 0 0 0 4 0 4 0 5 0 0 0 0 0 0 2 0 3 0 0 0 0 0 0 0 0 5 0 4 0 0 0 0 0 2 5 0 0 0 0 0 2 4 2 0 0 0 0 3 0 0 0 0 0 0 0 3 0 0 2 4 0 0 0 0 0 0 0 0 0 4 0 0 
0 5 0 0 0 0 0 0 0 5 0 0 0 0 0 0 0 0 0 0 0 2 0 0 0 0 0 0 0 0 0 0 4 0 0 0 0 3 0 5 3 4 0 4 0 0 0 0 0 0 0 0 4 4 2 0 0 3 3 0 3 4 5 0 0 0 0 0 0 0 0 0 0 0 0 0 0 0 3 0 0 0 0 0 0 0 0 0 0 0 0 0 2 0 4 0 0 0 0 0 3 0 5 0 0 0 0 4 0 0 0 3 0 0 4 0 0 0 0 0 0 0 0 0 2 0 5 0 3 0 0 0 3 0 4 5 0 4 4 0 0 2 0 0 0 2 0 0 0 5 0 4 0 0 0 2 0 0 0 3 0 0 3 0 3 5 0 0 0 0 3 0 0 0 0 0 0 2 0 5 2 3 0 0 5 0 2 0 5 0 0 0 3 0 0 0 0 5 0 0 0 0 5 0 0 0 2 0 4 0 0 0 0 0 0 0 4 0 0 0 4 2 0 2 2 5 0 0 0 0 4 5 0 0 0 0 0 3 0 0 2 0 0 0 0 2 0 0 0 0 4 5 0 0 0 0 4 0 0 5 0 0 0 3 0 0 0 0 3 0 0 0 0 0 0 0 0 3 0 0 0 0 0 0 0 4 5 2 0 0 4 0 0 0 3 3 0 0 0 0 
4 0 0 0 0 0 0 0 0 2 0 2 0 0 0 0 0 0 0 0 0 3 0 0 0 0 0 0 5 0 0 0 0 4 0 0 2 0 0 5 0 0 0 0 0 4 0 3 0 0 0 0 0 2 5 0 5 0 0 3 2 0 0 5 3 0 0 0 0 0 0 0 4 0 5 4 0 0 0 0 4 0 0 0 0 0 2 2 0 0 2 0 0 5 3 0 3 0 0 0 0 0 0 0 0 0 0 4 0 0 0 0 0 2 0 0 0 0 0 5 0 0 0 4 0 0 0 0 0 0 0 5 0 0 0 2 0 0 0 0 0 0 4 0 0 0 5 5 5 0 5 0 5 0 3 0 0 3 0 0 3 0 2 0 0 0 4 0 0 4 0 0 4 0 5 4 3 0 5 0 0 2 0 5 2 3 3 0 0 4 0 0 2 0 0 0 0 3 0 0 0 0 0 0 0 0 0 0 0 0 0 4 0 0 0 0 2 3 0 0 3 0 0 0 3 0 5 3 2 0 0 0 0 5 0 0 0 0 5 0 0 5 0 0 4 0 0 0 0 3 0 2 2 0 0 0 0 0 5 0 0 0 0 0 0 0 0 0 5 4 0 0 0 2 5 3 4 5 4 0 3 4 0 0 5 0 5 4 2 0 0 0 0 0 0 0 0 0 0 0 
5 4 0 2 0 0 2 0 0 0 0 5 2 4 0 0 0 0 4 0 0 0 4 0 0 0 5 0 0 3 0 0 0 0 0 0 2 0 2 0 2 0 0 0 5 0 0 0 0 0 0 5 5 0 0 0 0 5 0 5 0 2 5 0 5 5 0 0 0 0 0 4 2 0 0 0 0 0 0 2 3 5 4 3 0 0 5 0 2 4 3 0 5 2 0 0 0 0 0 0 0 0 2 0 0 0 3 0 3 0 0 0 0 0 5 3 0 4 0 0 0 0 0 0 0 0 0 0 0 0 0 5 3 0 0 5 0 0 0 0 0 0 0 4 0 0 4 0 0 0 3 0 3 0 3 0 5 0 0 0 2 0 0 0 5 0 0 0 3 0 0 0 0 2 0 0 0 0 2 0 0 5 0 0 0 0 0 2 0 4 0 4 0 0 0 2 0 0 0 0 0 0 5 0 0 0 0 0 3 2 0 0 0 5 0 0 5 0 0 5 0 3 0 3 0 0 5 0 0 0 5 0 0 0 4 0 0 0 0 0 3 0 0 0 2 5 5 0 4 0 0 5 4 3 4 5 0 0 2 0 0 2 3 0 5 5 0 3 4 3 2 5 4 4 0 0 0 4 0 3 0 4 0 0 0 0 3 0 3 0 4 0 0 2 0 0 0 0 0 0 
4 0 0 3 0 0 5 0 0 5 4 0 0 0 5 0 5 0 0 0 0 0 0 4 4 0 0 0 0 4 0 4 3 0 0 0 0 0 0 0 4 0 0 0 0 2 2 0 2 3 0 0 0 0 0 0 0 2 0 4 0 0 0 4 2 0 0 3 0 0 0 0 0 0 2 0 0 4 0 0 0 0 3 0 0 5 0 0 0 0 0 0 2 0 3 0 0 5 0 5 0 0 3 0 0 0 0 2 0 2 4 0 2 0 0 0 0 0 0 0 2 0 0 0 0 0 5 0 0 4 0 0 0 0 0 0 0 5 0 0 0 0 0 4 0 3 0 4 0 0 0 0 0 0 3 0 0 3 0 0 0 5 0 0 0 0 3 5 0 0 0 3 0 0 0 0 4 0 0 0 0 0 0 0 0 0 0 0 0 5 0 0 0 0 3 0 0 0 0 0 0 0 5 4 0 2 4 0 0 0 0 0 0 0 0 0 0 0 0 0 2 0 0 0 4 0 0 3 0 0 0 0 3 0 0 0 0 2 2 0 0 0 5 0 0 0 0 3 3 0 0 0 5 4 3 5 0 0 0 0 0 2 0 0 0 5 2 0 2 0 0 5 0 0 0 3 0 0 3 0 0 0 0 0 3 2 0 0 0 0 0 0 0 0 0 0 0 0 0 0 

