20 50

9 7 6 8 10 10 9 8 5 5 9 5 9 10 8 10 7 8 5 6 

5 5 6 5 6 3 3 5 2 2 6 6 2 3 2 5 6 4 3 4 4 2 4 6 6 5 2 5 4 3 5 2 3 2 2 6 5 5 4 2 6 2 2 6 2 4 4 2 6 5 

3 3 0 2 0 0 0 0 2 3 0 0 0 0 0 0 0 3 0 0 0 0 2 5 5 0 0 0 0 0 0 0 0 0 0 0 0 5 0 0 5 0 0 5 3 0 0 4 2 0 
0 0 0 0 4 0 0 0 2 4 4 0 0 0 4 0 0 0 0 0 0 0 0 0 2 4 0 0 0 0 0 0 5 0 0 0 0 3 0 0 0 5 0 0 0 0 0 0 0 2 
0 0 0 2 0 3 5 5 0 0 5 0 0 0 0 0 0 0 0 5 0 0 0 0 0 0 0 0 4 0 0 0 0 0 5 0 2 3 0 0 0 0 0 3 0 0 0 0 4 0 
0 0 0 0 0 0 0 0 0 3 0 0 3 0 0 0 0 0 0 0 0 0 0 3 0 0 0 0 0 0 0 2 3 0 0 0 0 4 0 4 0 5 0 0 0 0 0 0 0 3 
0 0 0 0 0 0 0 0 0 0 0 0 0 0 0 0 0 0 3 0 2 0 5 0 5 0 0 5 0 0 0 0 0 0 0 0 5 3 0 0 0 5 0 0 0 2 0 0 0 3 
0 0 0 0 5 4 5 2 0 0 4 0 0 0 0 4 2 0 0 0 0 5 0 5 0 0 0 0 2 0 5 0 0 4 0 0 0 0 0 0 0 0 0 0 3 3 0 0 0 4 
0 0 3 2 4 0 0 0 0 0 0 0 0 0 0 0 0 2 0 0 0 0 0 0 0 0 2 0 0 0 0 3 3 0 0 4 0 5 4 0 5 4 0 0 0 0 0 0 3 0 
0 0 4 4 0 4 4 3 2 0 4 0 4 0 0 0 5 4 0 0 4 0 3 4 0 0 2 0 0 0 0 0 0 3 2 5 0 0 4 5 0 2 0 0 0 0 0 0 0 0 
4 3 0 0 0 0 2 5 0 0 0 0 2 3 0 0 0 0 0 0 0 0 0 4 0 4 0 0 0 2 0 0 3 0 0 0 0 0 0 4 0 5 0 0 0 4 3 0 5 0 
0 0 0 0 0 3 0 4 0 0 2 3 0 2 5 5 0 0 0 0 0 4 5 0 0 0 4 2 0 0 0 0 0 3 3 0 0 3 0 0 3 5 0 0 3 0 0 0 0 0 
0 0 0 0 0 0 0 4 4 0 0 0 2 3 0 0 4 0 0 0 0 0 4 3 0 0 2 5 0 3 0 0 0 0 0 0 0 0 0 5 5 0 0 0 3 0 4 5 0 0 
3 0 0 3 4 3 0 0 0 0 0 2 4 3 3 3 0 0 0 0 0 0 0 0 3 0 0 0 0 0 4 0 2 2 0 2 2 0 0 0 0 4 0 0 0 0 0 0 0 0 
0 0 0 0 0 0 0 0 0 0 0 0 2 3 0 0 0 0 0 0 0 0 0 0 4 0 2 0 0 0 0 0 0 0 0 3 0 0 0 0 4 3 2 0 3 0 2 0 0 5 
3 0 0 0 2 0 0 0 5 2 0 0 0 0 0 0 0 4 0 0 4 0 0 3 0 3 0 3 0 0 0 0 0 0 5 0 0 0 0 0 0 0 0 0 5 0 3 0 0 0 
0 0 2 0 0 5 0 0 0 3 0 5 0 0 0 0 0 4 0 0 0 3 0 0 0 2 3 0 5 0 0 0 0 0 3 0 3 0 0 2 0 0 0 0 0 0 0 0 0 0 
0 0 0 2 0 3 0 0 0 0 0 3 0 2 0 0 0 2 3 0 0 0 0 0 0 0 0 4 0 0 0 0 0 4 4 5 0 0 0 0 0 5 0 0 0 4 2 0 0 0 
0 4 0 0 0 0 3 3 2 2 2 0 5 0 0 0 3 0 4 0 0 4 0 3 2 0 0 0 3 0 3 0 0 0 2 0 0 2 0 0 0 0 0 0 3 3 4 0 0 4 
0 3 0 0 0 0 0 0 0 5 2 2 0 0 0 0 0 0 3 0 0 0 0 0 0 0 0 0 0 2 0 3 4 4 4 0 0 0 0 2 0 5 0 3 0 2 0 0 0 0 
0 2 2 4 5 0 0 0 3 0 3 2 3 0 0 0 3 0 0 0 0 0 0 0 4 3 0 0 3 0 4 4 0 3 0 0 0 0 5 0 0 4 0 4 0 2 0 0 2 3 
0 0 0 0 0 0 0 0 0 0 0 0 4 0 0 4 0 0 0 0 0 2 0 0 0 0 0 5 0 0 2 0 0 0 0 0 0 0 0 0 0 0 0 5 2 0 2 0 3 0 

