100 200

6 5 9 6 6 8 5 6 5 7 10 5 6 7 9 5 5 6 7 6 8 5 9 6 7 6 6 10 8 5 9 6 5 6 10 8 6 8 5 7 5 6 5 8 8 8 10 5 8 9 10 5 6 5 7 5 9 10 5 7 7 5 10 9 10 6 8 9 9 9 5 7 5 7 9 7 8 10 9 8 9 6 9 9 10 5 5 8 10 5 7 9 6 8 10 9 8 5 10 10 

4 5 -5 3 4 4 4 3 3 -4 4 3 4 3 4 3 4 2 4 3 3 4 3 3 4 4 4 4 3 2 4 3 3 2 3 3 4 4 3 4 3 3 4 4 4 4 3 4 3 4 4 4 4 3 4 4 3 4 4 3 4 3 4 2 2 4 4 4 4 5 4 2 5 3 4 4 3 4 3 4 2 4 3 4 4 3 4 3 4 4 3 3 3 2 3 4 4 4 3 4 3 3 2 4 2 3 3 4 3 5 2 3 3 4 5 3 4 3 3 4 4 5 4 3 3 4 4 4 3 3 5 4 3 4 3 4 3 4 3 4 3 3 3 3 4 3 4 3 4 3 2 4 3 4 4 3 5 4 4 4 4 4 2 4 3 3 3 4 4 4 4 3 3 3 4 3 3 3 5 4 4 3 3 3 4 3 3 5 4 4 3 3 4 3 4 3 4 3 3 3 

0 0 0 3 3 3 3 4 4 5 0 0 0 0 0 0 0 0 0 0 0 0 0 0 0 0 0 0 0 0 0 0 0 0 0 0 0 0 0 0 0 0 0 0 0 0 0 0 0 0 0 0 0 0 0 0 0 0 0 0 0 0 0 0 0 0 0 0 0 0 0 0 0 0 0 0 0 0 0 0 0 0 0 0 0 0 0 0 0 0 0 0 0 0 0 0 0 0 0 0 0 0 0 0 0 0 0 0 0 0 0 0 0 0 0 0 0 0 0 0 0 0 0 0 0 0 2 2 2 2 2 2 2 2 2 2 2 2 2 2 2 2 2 2 2 2 2 2 2 2 2 2 3 3 3 3 3 3 3 3 3 3 3 3 3 3 3 3 4 4 4 4 4 4 4 4 4 4 4 4 5 5 5 5 5 5 5 5 5 5 5 5 5 5 5 5 5 5 5 5 
0 0 5 0 0 5 5 0 3 0 0 0 0 0 0 0 0 0 0 0 0 0 0 0 0 0 0 0 0 0 0 0 0 0 0 0 0 0 0 0 0 0 0 0 0 0 0 0 0 0 0 0 0 0 0 0 0 0 0 0 0 0 0 0 0 0 0 0 0 0 0 0 0 0 0 0 0 0 0 2 2 2 2 2 2 2 2 2 2 2 2 2 2 3 3 3 3 3 3 4 4 4 4 4 4 4 4 4 4 4 4 4 4 5 5 5 5 5 5 5 5 5 5 5 5 5 0 0 0 0 0 0 0 0 0 0 0 0 0 2 2 3 3 3 4 4 5 5 5 5 5 5 0 0 0 0 0 0 0 2 2 3 3 3 3 4 5 5 0 0 0 0 0 2 2 2 3 4 4 5 0 0 0 0 0 0 0 0 0 0 0 0 0 0 2 2 3 3 5 5 
0 2 0 0 4 2 5 0 4 0 0 0 0 0 0 0 0 0 0 0 0 0 0 0 0 0 0 0 0 0 0 0 0 0 0 0 0 0 0 0 0 0 0 0 0 0 0 0 0 0 0 0 0 0 0 0 2 2 2 2 2 2 2 2 2 3 3 3 3 3 3 3 3 3 4 4 4 4 5 0 0 0 0 0 0 0 2 2 3 4 5 5 5 0 0 0 3 3 4 0 0 0 0 0 0 2 2 3 3 3 3 5 5 0 0 0 0 0 0 0 0 0 2 4 5 5 0 0 0 0 0 0 0 0 3 4 4 5 5 0 5 0 4 5 0 5 0 0 2 2 4 4 0 0 0 0 5 5 5 3 4 0 0 0 5 5 0 0 0 0 0 0 5 0 3 4 0 0 0 3 0 0 0 0 0 0 0 0 2 2 2 4 5 5 0 4 0 2 0 0 
0 5 0 0 4 0 0 5 0 3 0 0 0 0 0 0 0 0 0 0 0 0 0 0 0 0 0 0 0 0 0 0 0 0 0 0 0 0 2 2 2 2 2 2 3 3 3 3 3 3 3 4 4 4 5 5 0 0 0 0 0 0 3 3 4 0 0 0 0 0 0 2 3 5 0 0 0 4 0 0 0 0 2 3 4 5 0 0 4 4 0 0 4 0 0 4 0 0 0 0 0 0 0 0 4 0 0 0 0 0 2 0 4 0 0 0 0 2 3 4 4 5 0 0 2 4 0 0 0 0 0 2 2 3 5 0 0 0 0 0 0 2 0 5 0 0 0 0 0 5 0 4 0 0 0 3 0 0 4 0 0 0 0 0 0 4 0 0 0 0 2 4 2 3 0 0 2 0 3 4 0 0 0 0 0 0 0 5 0 2 3 4 0 4 3 0 0 0 0 2 
0 4 3 0 0 3 2 0 0 0 0 0 0 0 0 0 0 0 0 0 0 0 0 0 0 0 2 2 3 3 3 4 4 4 5 5 5 5 0 0 3 4 4 4 0 0 0 0 2 3 5 0 0 3 0 0 0 3 3 4 5 5 0 2 0 0 0 0 0 0 4 0 3 0 0 0 5 0 0 0 0 2 0 0 3 0 0 0 0 0 3 4 0 0 3 4 0 3 3 0 2 2 5 5 0 0 4 0 0 4 0 0 0 0 3 3 4 0 2 3 5 3 4 0 5 2 0 0 0 3 5 0 0 0 0 2 4 0 5 0 3 0 0 5 3 2 0 0 0 2 0 0 0 3 4 0 0 5 0 4 0 0 0 4 0 0 0 0 0 0 0 0 5 5 4 3 0 0 0 0 0 0 4 4 5 5 5 3 0 2 5 0 2 0 5 0 0 0 0 0 
0 2 -5 0 0 4 2 0 0 0 0 0 0 0 0 0 0 0 0 0 0 2 2 2 3 5 0 0 0 0 0 0 0 3 0 0 0 0 0 5 0 0 0 2 0 0 0 5 5 0 2 0 5 0 0 2 5 0 0 0 0 0 4 0 2 0 0 0 3 5 4 0 0 0 0 0 0 0 0 2 4 0 3 0 5 0 0 2 0 0 0 3 2 0 0 3 0 5 3 4 0 3 0 0 0 0 5 0 3 4 5 0 5 5 0 0 0 2 2 0 0 0 3 5 4 0 0 0 2 0 0 0 0 0 0 4 0 0 5 0 0 3 0 3 5 0 0 0 0 4 0 5 5 2 2 0 0 3 0 2 0 0 5 0 0 0 0 0 0 0 0 3 0 0 0 0 2 0 0 0 0 0 0 5 0 2 5 0 0 0 4 0 5 0 4 0 5 0 2 0 
0 0 4 0 0 4 2 3 0 3 0 0 0 0 0 0 0 3 5 5 5 0 0 0 0 0 0 2 0 0 3 0 0 0 0 0 0 0 2 0 2 0 3 0 2 3 5 0 0 3 0 4 0 5 0 3 5 0 0 0 0 4 0 2 0 0 0 4 2 3 0 2 0 0 0 0 0 5 0 0 0 4 0 3 0 2 0 4 0 0 2 0 0 2 5 5 0 0 0 4 3 0 0 3 0 0 0 0 0 3 5 2 0 3 0 0 0 0 5 4 0 0 3 0 0 0 0 2 0 5 0 0 2 0 0 0 0 4 0 0 0 0 3 0 0 5 0 0 5 4 0 4 0 0 2 2 3 0 0 2 0 0 0 3 5 3 0 5 0 3 0 0 0 0 0 0 2 0 3 0 0 0 2 0 0 0 4 0 2 0 2 0 0 0 0 2 0 3 0 4 
0 3 0 4 4 0 0 4 3 4 0 0 0 0 0 2 3 4 0 0 0 0 2 4 4 0 0 4 0 2 4 0 0 0 0 3 4 5 2 0 0 0 3 2 2 4 0 0 0 0 5 5 0 2 0 0 0 0 5 5 0 4 0 0 0 0 2 0 0 3 4 2 0 0 0 3 0 2 0 4 0 0 0 5 2 4 0 2 0 4 4 0 0 0 3 0 4 2 3 0 2 4 0 0 0 2 4 3 4 0 0 0 0 4 0 0 2 0 0 0 0 0 0 3 0 2 3 4 3 0 4 3 0 3 0 2 0 0 0 4 0 2 0 2 3 0 0 4 5 2 0 2 0 0 0 0 5 0 4 0 3 5 0 0 4 0 5 0 2 2 0 0 3 5 0 0 0 0 2 0 0 0 2 0 4 0 0 0 3 5 0 0 0 5 0 0 0 2 0 3 
5 0 2 0 2 0 4 0 0 2 0 0 3 3 4 0 0 0 0 2 3 2 0 0 0 0 0 3 2 3 3 0 5 0 0 2 0 2 0 2 5 0 3 0 2 0 0 0 4 3 0 0 0 0 0 0 5 3 0 4 2 3 0 4 0 2 0 4 0 0 0 0 0 5 0 0 0 0 5 0 0 0 5 0 5 2 0 3 0 0 0 0 4 0 0 0 0 5 0 0 0 2 4 0 0 0 0 0 0 4 0 0 0 0 0 0 0 0 0 0 4 0 5 2 0 0 5 2 0 4 0 5 0 5 2 4 0 4 2 0 0 0 0 2 0 0 0 5 0 5 2 0 3 0 0 3 0 2 0 3 0 0 0 0 5 0 3 0 0 5 2 5 5 0 0 4 3 0 0 0 0 0 0 0 0 0 0 0 0 3 4 0 0 0 0 0 3 4 0 0 
0 2 4 3 4 0 4 0 5 0 0 0 0 5 0 3 0 0 5 4 0 0 0 2 0 0 0 2 2 0 3 0 0 5 0 0 0 0 0 4 0 4 0 2 0 0 3 0 5 5 0 0 0 2 2 0 2 4 0 0 2 4 0 0 4 0 0 4 0 2 0 4 0 2 0 0 0 0 0 0 0 2 0 0 5 0 0 2 0 2 0 0 0 3 0 0 4 4 0 0 0 0 4 5 3 0 0 0 0 0 2 0 0 0 2 5 5 5 0 0 0 0 0 5 4 0 0 0 0 4 3 0 0 3 0 0 0 0 0 5 3 2 3 0 5 0 3 4 0 0 0 0 0 0 3 0 4 2 5 0 0 0 4 4 0 0 2 2 0 0 0 5 0 0 0 0 0 0 0 0 0 5 5 0 0 3 2 2 3 5 3 4 0 3 4 0 2 5 0 0 
0 0 5 0 4 0 0 0 4 0 0 0 4 0 0 0 3 0 0 3 5 2 0 3 0 0 4 0 0 3 5 0 0 5 0 0 5 4 0 0 0 0 0 0 4 5 0 0 4 0 4 0 0 4 0 3 0 5 4 0 5 2 0 0 0 2 0 0 3 0 0 0 0 3 0 2 0 5 0 5 0 0 3 0 0 0 4 5 5 0 0 0 0 0 4 0 0 4 0 0 0 0 0 2 0 0 0 3 0 4 0 0 4 4 0 3 4 2 3 0 0 2 0 5 5 0 0 0 0 5 0 0 0 2 0 0 0 0 0 0 0 0 0 0 2 0 0 0 2 0 5 2 2 0 2 4 0 4 5 4 0 0 4 5 0 0 0 0 0 3 0 4 5 0 0 3 0 0 3 0 5 0 0 4 5 0 5 0 0 0 3 0 2 0 5 0 5 5 3 0 
0 0 3 0 3 0 0 0 3 4 0 0 0 5 0 0 0 5 0 0 5 0 5 5 2 4 5 0 0 0 0 0 0 0 3 2 0 0 0 0 0 3 4 2 0 3 5 4 0 0 0 4 4 0 0 3 0 5 4 4 4 4 0 0 2 0 0 0 4 4 0 0 0 2 4 0 0 0 5 0 5 5 2 0 0 5 0 0 2 0 0 4 4 2 0 0 0 0 2 0 0 3 0 4 2 0 0 0 0 2 0 0 0 2 0 0 0 0 3 5 0 0 0 0 2 0 0 0 0 0 2 0 0 0 5 2 0 0 5 4 2 5 0 2 5 4 0 0 0 3 5 5 0 3 3 0 0 0 0 0 0 0 0 0 2 0 0 0 0 0 3 3 5 0 2 5 0 4 0 0 0 2 0 0 0 5 0 0 0 2 0 0 2 0 2 5 5 0 2 2 
4 0 2 -3 -2 0 0 0 5 0 0 4 0 2 2 0 3 3 5 0 2 5 3 0 0 0 2 0 4 0 2 0 0 0 0 0 0 0 0 0 4 0 0 2 0 0 4 0 3 0 0 0 3 0 0 5 0 3 0 0 0 5 0 4 3 0 5 0 4 3 0 0 0 0 0 2 0 0 0 0 0 5 3 0 0 2 0 0 4 0 0 2 3 0 0 0 2 0 5 5 0 0 5 0 0 3 2 0 5 4 0 3 5 4 4 5 0 0 0 0 4 0 0 0 4 5 0 0 5 0 4 0 0 0 0 0 5 0 0 0 0 0 0 0 2 0 0 0 0 0 3 5 3 0 0 0 2 0 0 0 0 3 5 0 0 5 0 5 4 0 5 2 5 0 2 4 0 3 2 5 3 0 0 5 0 4 0 4 0 2 3 0 0 0 2 5 0 2 3 0 
0 3 0 3 5 5 4 0 0 0 0 5 0 0 4 0 0 0 0 3 0 0 0 0 0 0 0 3 0 0 0 3 0 0 0 3 0 0 0 0 0 0 0 2 0 0 0 2 2 2 2 4 3 3 0 0 0 0 0 0 0 0 0 0 2 0 0 0 0 0 0 5 0 4 5 0 0 0 2 0 0 0 0 2 3 0 0 0 4 0 5 5 0 3 4 0 0 0 0 0 4 5 4 2 4 4 0 5 0 5 0 0 0 3 0 0 0 0 0 3 0 4 0 0 5 0 3 0 0 0 0 0 0 5 5 0 0 0 0 0 3 0 5 0 0 0 0 2 5 4 2 0 5 0 0 3 2 5 0 3 0 0 2 0 0 0 3 3 2 2 2 3 0 3 0 0 3 3 5 3 0 0 0 5 0 4 4 0 0 4 3 0 2 2 0 2 0 0 0 3 
2 0 -2 3 4 0 0 0 0 0 0 0 0 0 0 3 0 3 4 0 5 0 4 4 0 0 0 4 2 0 0 0 0 2 0 0 0 0 2 0 0 0 2 0 0 3 0 0 0 3 0 0 0 5 4 0 0 2 0 0 0 0 0 2 5 0 0 0 0 0 3 2 0 0 0 2 0 0 0 0 4 3 5 3 0 0 0 0 2 0 4 4 0 0 3 5 4 2 0 0 3 3 4 0 5 0 0 3 0 4 0 0 3 3 4 0 4 5 0 4 3 0 0 5 0 0 0 0 0 0 2 4 4 3 0 0 0 0 0 0 5 3 0 0 3 0 0 4 0 0 3 0 0 0 0 0 3 5 0 0 3 0 4 2 0 0 5 0 0 0 2 0 0 0 5 0 0 0 3 3 0 5 0 0 5 0 4 0 2 0 0 0 3 0 0 3 0 0 0 2 
0 5 -4 0 0 0 0 4 3 2 0 0 0 0 0 0 0 3 0 0 5 5 5 2 0 3 0 5 0 0 0 0 0 2 0 2 0 3 5 0 0 0 3 4 0 0 0 0 5 0 0 5 2 0 0 5 0 0 0 0 3 3 0 0 0 3 0 3 3 0 3 0 0 0 0 0 0 0 0 3 0 0 0 4 0 0 4 4 0 2 3 0 3 0 2 2 3 0 0 0 0 0 0 3 0 2 0 0 5 0 0 0 0 0 0 5 2 0 4 0 3 5 4 4 0 5 0 3 5 0 0 0 0 0 0 2 2 4 0 3 0 0 0 0 0 3 0 2 0 4 0 0 0 0 0 2 5 0 0 3 0 2 0 5 2 4 3 3 2 0 0 5 4 2 0 0 0 0 0 4 5 0 4 2 0 0 0 0 2 3 4 2 2 0 0 0 0 2 2 3 
0 4 3 4 2 0 2 2 0 0 0 0 0 0 0 3 5 4 0 5 0 0 4 5 3 4 0 0 0 0 5 0 3 0 5 0 3 2 0 0 0 0 2 0 0 5 5 0 3 0 0 0 0 0 5 0 0 4 0 0 4 0 0 0 0 5 0 0 0 0 4 2 3 2 5 0 2 2 0 3 0 0 0 2 2 0 2 4 5 3 0 2 0 0 3 4 5 0 2 2 0 0 0 0 5 5 0 0 0 0 2 5 0 0 0 0 0 3 0 0 0 0 0 2 0 4 0 0 4 0 4 0 0 0 3 0 0 0 0 0 2 0 4 5 2 3 4 2 2 4 5 4 3 2 0 0 0 0 0 0 0 0 4 3 5 3 0 2 5 0 3 0 0 0 0 2 0 4 2 0 3 0 0 0 0 2 2 0 0 3 0 3 2 0 2 0 3 0 0 0 
0 0 3 0 0 0 4 2 0 0 0 0 0 3 0 0 4 4 2 0 3 0 2 0 2 4 0 5 4 4 0 2 0 2 0 0 0 0 0 0 0 0 2 2 0 5 0 0 0 2 0 0 0 4 0 0 2 0 0 0 0 5 4 3 2 0 3 0 4 0 0 3 2 4 4 0 0 0 0 5 3 5 3 3 3 0 0 2 0 0 5 0 3 0 0 2 0 0 0 4 0 2 2 2 2 0 5 2 0 0 0 0 0 4 0 0 4 3 4 5 0 0 4 0 0 0 3 0 0 0 0 2 0 4 0 2 5 3 3 0 3 0 2 3 0 0 3 0 2 3 0 5 0 3 0 0 2 2 2 0 5 0 4 4 3 4 2 0 5 0 4 0 4 4 3 0 0 2 0 0 5 3 0 0 0 2 5 0 3 3 4 0 5 0 2 0 0 4 4 4 
0 4 0 0 2 4 -2 0 5 0 0 0 5 5 2 0 3 4 0 0 0 0 0 0 5 0 4 2 0 2 0 4 0 0 0 0 0 5 0 0 0 4 4 2 0 0 3 0 0 0 0 0 0 0 0 0 0 3 3 0 4 0 0 2 0 0 3 0 0 4 0 3 4 0 0 0 0 0 0 0 5 0 0 0 0 3 5 0 0 0 0 2 5 0 0 0 0 0 2 5 0 0 2 5 0 5 0 0 0 0 3 0 5 0 0 0 0 0 0 0 0 3 0 0 2 0 4 0 5 0 0 0 4 0 0 0 3 0 0 0 0 0 2 0 2 3 3 0 5 2 0 4 0 0 0 5 0 4 2 5 0 5 2 0 0 0 0 0 0 2 0 4 0 0 0 5 0 4 0 0 0 0 0 0 2 4 4 0 0 3 0 0 0 0 0 2 5 0 0 3 
0 4 4 4 0 2 0 5 0 4 5 4 0 4 3 0 0 0 0 2 5 0 0 0 4 2 2 2 4 2 4 0 0 0 0 0 4 0 0 0 0 0 0 4 0 5 2 0 0 4 0 0 2 3 0 0 0 3 5 0 2 3 0 0 0 0 0 0 4 2 0 0 4 0 0 0 0 0 5 0 0 4 3 2 0 0 0 5 5 5 2 3 0 5 0 3 4 0 0 0 2 0 0 0 0 0 3 4 0 0 4 2 0 0 4 0 3 0 5 0 5 0 3 0 0 0 0 3 0 0 0 3 0 5 0 2 0 0 3 2 0 0 0 0 0 0 0 2 4 4 0 0 0 2 0 2 0 0 0 0 2 0 0 0 4 3 0 4 0 0 0 5 0 0 0 0 0 0 0 5 0 0 0 0 0 4 0 4 0 4 0 3 0 0 4 0 4 5 0 0 
0 0 3 2 0 0 0 4 0 2 0 0 0 0 2 5 0 0 5 0 0 0 0 0 0 0 0 0 0 4 0 2 2 0 0 0 0 0 2 0 4 2 5 3 0 0 4 0 0 5 3 0 0 0 0 0 0 0 3 0 0 3 0 0 0 0 0 3 3 0 0 0 4 0 3 2 0 0 3 0 2 0 2 5 2 3 4 0 0 0 0 0 0 0 3 0 5 0 2 0 3 3 0 0 4 2 0 0 0 2 3 5 0 4 3 0 0 0 2 0 0 0 4 0 0 4 0 0 0 0 5 0 0 0 3 0 0 2 0 0 5 3 0 0 0 0 0 0 5 0 0 0 0 0 0 5 0 0 4 2 5 0 4 5 0 0 2 4 2 5 0 2 3 0 0 0 0 0 0 0 0 5 0 3 5 0 0 2 0 0 3 0 0 4 0 0 2 0 5 5 
0 5 0 0 0 0 3 0 0 3 0 0 0 0 0 3 0 5 2 5 4 0 5 2 0 2 0 0 0 0 0 0 5 0 2 0 2 0 2 2 0 0 0 4 0 3 3 5 2 0 2 0 5 0 3 0 3 5 2 5 3 0 0 0 2 2 0 0 0 2 2 3 4 0 5 3 0 4 0 0 5 0 0 0 0 4 0 3 5 0 0 5 0 4 2 0 5 0 2 5 0 0 4 0 0 0 2 0 0 0 5 0 0 0 4 0 4 2 5 4 0 0 2 0 0 0 3 0 2 2 3 0 0 0 0 0 4 3 3 4 2 0 5 3 5 4 0 0 0 0 5 0 0 0 0 0 4 0 5 0 2 3 0 0 0 4 3 0 0 3 5 3 4 3 0 5 5 0 0 0 2 3 0 0 0 0 0 4 2 0 0 5 3 0 0 0 0 0 0 0 
0 3 2 5 0 0 3 3 4 0 0 0 0 0 0 3 0 0 0 0 0 0 2 4 0 0 0 0 0 0 0 3 0 0 2 0 5 0 2 5 0 0 3 0 2 0 0 4 3 5 2 3 0 2 5 0 0 0 0 0 0 0 4 4 0 0 0 0 4 0 0 0 0 3 0 0 0 4 2 0 0 0 0 0 2 0 4 0 0 0 0 0 2 0 0 4 0 4 0 2 0 2 5 4 0 0 0 0 5 0 0 0 4 0 3 2 5 0 5 0 0 0 0 0 0 0 2 2 0 4 0 5 0 5 5 2 0 5 0 0 0 0 0 4 0 3 0 2 3 3 0 4 2 0 2 0 0 0 0 0 0 0 4 4 0 0 0 0 0 0 0 3 0 0 0 0 5 0 0 0 0 0 2 0 0 0 4 0 2 2 3 0 4 0 0 0 0 0 4 0 
2 0 4 3 0 4 0 5 4 0 0 0 4 5 0 0 2 0 0 0 3 4 0 0 0 0 0 0 0 0 4 0 4 0 4 0 3 0 0 0 0 0 5 4 4 0 0 0 4 5 0 0 5 3 2 2 0 0 0 2 0 0 2 0 0 0 0 3 0 4 0 3 0 5 2 2 5 4 0 0 0 0 0 2 0 0 2 5 0 0 0 0 0 0 0 0 4 0 4 3 0 3 3 0 0 0 0 0 0 0 2 0 2 0 0 4 0 0 5 0 0 0 3 0 2 0 0 2 3 0 4 0 0 5 0 0 2 0 0 0 4 4 5 0 3 0 0 0 4 0 4 0 0 3 5 0 0 5 3 0 2 0 0 3 2 3 0 0 0 5 0 3 3 2 5 4 2 3 0 5 0 0 0 0 0 0 0 0 2 4 0 2 5 5 2 2 0 2 3 0 
0 0 0 0 4 4 -5 0 4 0 2 0 5 0 0 4 0 0 0 0 0 4 0 4 5 5 0 0 5 4 0 0 0 0 0 0 3 0 0 0 0 0 0 3 0 3 0 0 4 4 0 5 0 0 2 0 0 0 3 0 0 0 5 0 2 5 5 0 0 0 0 0 0 3 5 0 2 0 0 5 0 0 0 0 0 4 0 0 0 2 0 0 5 4 5 0 5 0 0 0 3 2 0 0 0 0 3 0 0 0 0 3 3 2 0 3 0 0 0 4 0 0 0 2 0 0 0 0 0 0 0 0 2 2 0 0 4 0 2 5 0 0 3 0 0 0 5 2 0 5 0 0 0 0 0 0 0 0 0 4 0 2 3 3 0 0 0 5 0 2 2 2 4 0 3 2 0 0 5 4 0 4 2 0 0 4 5 0 4 2 4 5 0 0 0 5 2 5 0 5 
0 0 0 0 0 0 3 0 0 0 4 0 0 0 0 5 0 2 2 0 0 0 0 0 4 2 0 2 0 4 0 0 0 4 0 0 0 0 0 0 0 3 2 0 0 2 0 0 5 0 0 0 0 2 0 0 0 5 0 0 2 0 0 0 0 0 0 5 0 0 0 0 0 2 0 0 2 0 0 0 0 0 0 0 0 0 0 0 0 2 0 4 4 0 0 0 0 0 0 4 0 3 5 5 0 5 0 0 0 4 0 0 5 2 4 0 0 0 5 0 0 0 0 0 0 4 3 0 3 0 0 0 5 3 3 0 0 0 2 0 0 5 0 0 2 0 0 0 2 2 3 0 0 0 0 0 3 0 0 3 0 3 0 0 4 2 0 0 0 0 0 0 3 3 0 3 0 0 0 0 0 0 0 0 4 3 0 0 0 0 0 0 3 0 2 0 0 3 2 0 
0 0 0 0 4 0 0 0 4 0 0 3 2 3 0 5 3 0 5 0 5 4 0 0 0 0 0 0 5 0 0 0 0 0 0 0 0 5 0 0 0 3 3 0 3 0 0 3 3 3 2 5 0 3 5 0 0 0 0 4 0 0 0 3 0 5 0 0 3 5 0 5 0 0 3 5 4 0 0 4 3 0 0 0 0 0 2 4 0 0 0 0 0 0 3 0 0 0 2 0 2 5 0 5 0 0 0 0 3 5 0 4 0 0 0 0 2 0 0 2 0 0 0 4 0 0 4 3 0 0 0 2 5 3 3 5 0 5 3 0 2 0 0 0 3 3 0 0 0 3 0 0 2 0 5 0 0 0 0 0 0 0 2 0 0 5 4 5 0 0 0 3 3 2 0 0 5 5 4 0 0 0 0 4 0 2 0 0 0 3 0 0 3 0 0 0 0 4 0 0 
4 0 0 0 4 0 0 0 -2 0 0 2 0 0 0 2 0 0 2 0 5 0 5 0 4 0 0 0 0 3 4 2 0 5 4 0 4 0 2 4 0 0 0 0 2 0 0 0 5 3 2 0 0 0 0 0 0 4 0 2 3 0 0 0 0 2 3 2 4 0 2 4 0 0 5 0 4 2 2 0 0 0 0 0 3 5 4 0 0 5 0 3 0 0 0 2 0 0 0 0 0 0 0 0 0 0 0 0 4 0 0 0 0 4 4 5 0 3 0 0 0 0 0 0 2 0 0 2 0 0 0 4 0 0 3 0 0 0 5 0 0 0 0 4 0 0 0 4 5 0 0 5 0 4 2 0 0 0 0 0 5 3 0 0 5 0 0 0 0 0 0 0 3 3 5 0 4 3 0 0 0 3 0 5 4 0 5 0 0 2 0 0 2 0 5 3 0 4 5 0 
-3 0 0 0 4 3 0 0 0 0 2 4 4 5 0 2 4 0 0 0 0 4 4 0 3 0 2 0 0 3 0 2 2 2 0 0 0 4 0 2 0 3 4 0 0 2 0 0 5 0 5 5 0 0 0 0 5 0 0 0 0 0 4 0 5 4 5 0 3 0 5 0 0 3 3 0 3 0 0 2 2 0 0 0 3 2 0 0 3 0 0 0 0 4 3 0 0 0 0 4 0 3 0 0 3 5 0 0 0 3 5 0 3 0 0 2 5 4 0 4 0 4 5 0 0 0 0 3 0 4 0 5 0 0 0 0 4 2 3 4 2 0 0 0 0 0 3 0 0 0 2 0 0 2 5 0 0 0 0 0 0 5 0 0 0 0 3 0 0 3 0 4 3 0 2 3 2 2 4 5 0 3 0 5 0 0 2 0 2 0 2 0 0 2 3 0 0 0 3 0 
2 -3 0 0 2 0 0 3 3 0 5 0 0 0 0 0 4 5 2 2 0 0 4 0 3 3 0 0 0 0 2 3 0 4 0 2 0 0 5 0 0 4 0 2 0 4 0 0 0 0 0 0 0 0 0 4 0 5 5 4 0 0 0 5 0 0 4 2 0 0 3 4 5 0 0 0 3 0 5 0 0 0 0 3 5 0 0 5 0 0 0 5 3 0 0 0 3 0 3 4 0 0 0 0 0 2 3 2 0 3 0 0 5 0 4 0 3 0 0 4 2 4 0 2 0 0 2 0 4 0 0 0 2 2 3 3 0 0 0 5 0 0 0 0 4 0 5 4 0 5 0 0 5 0 0 0 0 3 0 0 4 5 0 4 5 0 0 0 4 2 0 0 4 0 2 0 0 0 0 3 3 3 0 0 3 2 4 4 2 2 0 0 0 5 0 0 0 2 5 0 
0 0 0 0 4 5 4 4 0 2 0 5 0 0 0 3 2 0 3 4 5 0 2 0 0 0 5 0 0 5 5 0 0 0 5 3 0 0 4 4 4 2 0 0 0 3 0 0 3 0 0 0 2 0 0 5 3 0 0 0 0 2 0 4 5 0 0 2 0 0 0 0 5 0 0 5 3 3 0 2 0 4 4 0 0 0 0 0 0 0 0 2 0 0 0 0 0 0 3 0 0 0 4 3 0 0 5 0 4 2 2 3 0 0 0 0 2 0 3 0 2 3 0 0 0 0 0 0 4 0 0 0 0 0 0 0 0 2 0 4 3 0 0 5 0 5 0 2 0 0 3 0 5 0 0 3 0 0 0 0 0 0 5 0 3 5 3 0 2 0 2 0 5 0 4 2 3 0 0 0 0 0 5 5 0 2 0 5 0 0 0 0 5 3 2 3 0 3 0 0 
0 0 0 0 4 0 0 0 0 0 2 0 0 4 0 5 5 0 4 0 5 0 0 0 0 3 0 4 5 0 0 0 0 0 0 4 0 0 0 0 4 0 2 3 0 0 4 0 4 3 0 0 5 0 0 4 0 0 0 3 0 0 0 3 2 5 0 0 0 0 0 0 4 0 4 0 2 0 0 0 4 0 0 0 0 0 0 0 0 4 0 4 5 0 0 0 0 0 0 0 0 3 0 5 0 0 0 2 0 0 3 0 0 0 0 0 0 0 0 3 0 0 2 0 0 0 0 0 0 3 0 0 0 0 0 4 5 3 5 0 2 4 0 4 0 0 4 0 3 3 0 0 0 5 0 3 0 3 2 0 5 5 0 0 3 0 0 0 2 3 4 3 0 0 0 0 0 0 0 0 0 0 5 0 5 0 4 0 0 2 0 3 3 0 5 0 0 0 0 0 
3 0 4 0 0 4 5 5 4 0 5 5 2 5 0 0 0 0 5 0 0 4 0 2 0 0 0 0 0 0 0 0 4 0 0 0 2 2 0 0 0 5 0 0 0 0 0 4 5 0 0 5 3 0 2 0 0 0 4 0 0 4 5 0 5 2 0 5 4 5 5 0 0 0 0 4 0 3 3 0 0 0 0 0 0 0 4 0 0 0 0 0 0 0 0 0 2 2 3 0 0 5 0 0 4 4 0 5 0 0 0 2 0 2 3 5 4 2 0 4 2 0 0 0 2 3 3 0 0 3 0 0 0 0 0 0 4 0 3 0 4 0 4 0 0 5 0 0 0 2 0 0 4 0 0 3 0 5 3 0 2 0 0 2 0 0 5 3 0 0 3 2 0 5 2 5 0 0 2 0 0 0 0 0 0 0 0 0 0 0 0 0 5 0 0 2 0 0 0 5 
5 0 0 3 5 0 3 0 0 0 0 0 0 0 0 3 5 0 2 3 0 5 0 0 5 0 0 0 0 0 0 4 0 2 0 0 0 0 0 2 2 3 0 0 4 4 0 4 4 4 0 0 0 3 0 0 2 0 0 0 2 0 4 5 5 0 4 0 0 0 2 0 0 0 0 5 4 5 0 2 0 0 0 3 0 0 0 5 4 3 0 0 5 4 3 4 0 0 2 0 0 5 4 0 0 0 2 0 0 0 3 4 2 0 5 0 0 0 0 4 2 0 0 2 0 0 0 0 2 0 0 0 0 3 0 0 5 0 2 4 0 0 0 0 0 4 0 0 4 4 3 0 5 0 0 0 5 2 0 0 0 4 0 0 0 0 0 0 0 0 3 0 3 2 3 0 0 0 2 0 2 4 0 0 0 0 5 0 0 4 0 2 0 5 0 5 0 0 0 3 
0 5 5 0 3 2 5 5 0 3 0 0 0 0 0 0 0 3 2 0 2 0 5 0 3 4 0 0 0 0 0 0 0 5 2 3 5 0 2 0 5 0 2 4 0 0 0 0 3 4 0 0 3 0 5 4 0 0 0 0 3 4 0 0 0 0 4 2 0 3 0 5 2 0 0 0 0 5 2 0 5 2 5 4 0 0 3 0 5 5 0 0 2 5 0 0 0 0 0 3 0 0 0 0 0 0 0 0 0 0 0 4 0 2 2 2 0 4 0 5 3 0 0 4 0 4 5 0 0 3 0 0 0 0 4 0 0 0 5 3 0 0 5 0 5 4 4 0 2 0 2 0 0 0 0 0 0 0 0 5 0 5 5 3 0 0 0 4 0 0 0 4 4 0 0 2 5 3 0 0 0 0 0 0 0 5 0 0 0 4 5 0 0 3 0 0 3 0 3 5 
5 2 0 0 0 3 -2 0 0 4 0 0 5 5 0 0 2 0 0 0 0 0 0 0 0 3 0 3 0 0 4 0 4 3 0 2 0 4 0 0 5 3 5 0 0 0 4 5 0 3 0 0 0 0 2 3 0 0 0 0 3 0 4 0 2 0 0 5 0 2 4 0 3 0 4 0 0 0 4 0 0 3 3 0 0 0 4 3 0 4 3 5 0 3 4 4 0 0 0 5 3 4 0 5 4 3 0 0 0 0 0 5 3 0 5 0 0 0 5 3 4 4 3 0 0 2 0 0 0 0 0 4 2 0 0 4 2 0 4 0 3 0 3 4 0 0 3 3 4 0 0 3 0 0 0 0 0 2 0 0 0 2 0 0 4 0 0 4 0 0 0 2 0 0 4 0 0 0 0 0 2 0 4 5 0 3 5 5 3 0 0 4 0 0 4 0 2 0 0 0 
0 3 2 5 5 0 0 0 0 2 0 0 0 4 0 0 5 3 0 5 3 4 5 0 3 0 0 2 0 0 0 0 0 3 0 0 0 5 3 0 0 5 5 0 0 2 2 3 3 2 2 2 0 3 5 0 0 0 2 0 0 0 0 0 3 0 0 5 0 0 0 2 3 0 3 3 0 3 0 0 5 2 3 0 4 0 4 3 2 0 0 2 0 2 4 0 0 0 4 0 0 2 0 0 0 3 5 0 0 0 0 3 5 0 0 0 0 4 3 0 0 0 2 2 5 5 0 3 2 0 0 0 0 0 0 4 0 5 0 0 0 0 0 0 0 0 5 3 0 0 0 0 0 0 4 0 2 0 0 0 2 5 0 0 0 4 2 2 4 0 0 0 0 0 0 0 5 0 3 0 0 0 0 3 4 0 5 0 0 2 0 0 0 3 2 0 0 3 5 0 
0 3 0 0 0 0 0 3 0 -2 3 0 0 3 0 0 0 0 0 4 0 0 0 2 0 0 3 0 0 0 0 0 0 3 4 0 5 0 0 2 5 0 0 3 3 3 0 0 0 0 0 4 0 2 0 0 0 0 3 0 3 2 2 0 0 0 5 0 2 0 0 0 3 5 0 4 0 0 3 0 0 0 0 4 0 3 0 3 0 0 5 5 0 0 4 5 0 3 0 4 3 0 0 0 0 3 0 2 0 0 2 2 0 4 5 0 4 0 2 4 5 3 3 3 0 0 0 2 0 0 3 2 0 0 0 0 0 0 0 0 0 3 4 2 0 2 5 0 5 5 0 2 0 4 0 0 4 3 3 0 2 0 0 2 0 0 0 5 0 5 0 0 0 0 0 0 3 4 0 0 0 3 0 0 0 0 0 0 5 0 0 0 2 0 0 3 0 4 0 0 
3 0 4 0 5 5 5 3 4 4 3 3 3 2 0 0 0 5 0 3 5 0 0 5 0 3 3 0 2 0 0 3 2 3 0 0 5 2 0 0 0 0 0 4 4 0 5 4 0 0 4 0 0 3 0 0 0 2 0 0 0 2 0 0 0 3 5 0 0 3 0 3 0 0 3 3 4 2 4 0 3 5 0 0 0 0 3 0 4 0 5 0 0 3 3 4 0 0 0 0 0 0 0 0 5 0 0 0 2 0 0 0 0 0 0 0 0 5 0 2 0 0 0 0 2 0 4 0 5 4 0 0 5 3 2 0 2 3 0 0 3 3 2 0 0 4 3 0 5 0 3 0 0 2 2 0 3 5 0 0 0 5 0 4 5 0 3 4 4 2 0 0 4 0 4 0 0 2 5 0 5 5 0 0 0 0 4 0 4 0 2 0 4 0 0 0 4 0 0 0 
0 0 0 -5 5 0 0 4 5 0 0 0 0 0 0 2 0 3 2 2 0 0 5 0 0 0 3 0 5 2 0 2 0 0 0 0 5 0 2 0 0 3 4 4 0 0 4 4 0 0 0 0 0 4 0 0 0 3 0 0 0 4 0 0 0 0 0 5 2 0 5 5 4 5 0 0 0 4 0 3 2 0 0 0 0 4 0 0 0 5 0 2 0 0 0 0 0 2 0 3 0 0 2 4 3 0 5 5 0 0 0 0 5 5 0 5 0 0 0 4 5 0 0 0 5 4 0 0 0 0 4 0 0 0 0 3 2 0 5 3 0 4 0 0 2 4 0 5 5 0 0 2 0 0 5 0 0 0 0 0 4 2 3 0 2 0 0 0 0 5 5 0 0 3 2 0 0 0 0 0 0 0 3 0 4 0 0 0 0 0 3 3 3 5 0 0 0 2 4 0 
0 0 2 5 0 0 0 0 5 0 5 2 0 0 0 5 5 5 0 0 3 0 0 4 5 0 0 0 4 0 0 0 2 0 0 3 4 4 0 0 0 3 0 0 3 0 4 0 4 0 0 0 4 4 0 0 0 2 0 0 3 5 5 4 0 0 2 5 0 3 0 0 2 4 0 2 0 4 0 2 0 0 0 0 0 2 3 0 2 5 0 0 0 0 5 5 0 2 5 0 4 4 0 0 0 0 0 3 0 3 0 3 0 2 4 0 2 0 0 4 0 0 0 3 4 0 0 0 0 0 4 0 0 2 4 0 0 0 0 0 5 0 0 0 0 2 5 0 0 3 0 0 0 4 3 0 0 0 2 0 0 3 0 0 0 0 2 2 0 0 3 5 0 0 4 0 0 3 0 4 5 0 2 4 5 4 0 0 3 0 0 4 5 0 4 0 3 2 0 0 
0 0 0 4 3 4 0 0 4 0 4 5 0 0 0 0 0 0 0 0 0 0 0 0 3 0 0 0 0 0 0 4 0 5 0 0 0 2 0 4 5 5 3 0 0 5 0 3 0 0 0 0 0 0 0 5 0 2 0 0 0 0 0 4 0 5 3 5 0 0 3 3 0 0 5 0 0 0 3 4 0 0 5 3 0 0 0 0 0 2 2 0 0 0 0 0 3 3 0 0 3 0 5 0 3 4 0 0 0 0 0 0 5 4 0 0 0 4 5 3 3 0 3 2 0 0 0 5 0 2 0 0 0 0 0 3 0 0 5 2 3 0 0 4 5 0 0 5 0 0 0 0 0 2 0 0 0 5 0 0 0 0 5 2 3 4 0 0 0 0 2 4 5 4 2 5 0 0 0 0 0 0 3 0 0 4 3 0 5 0 0 0 0 0 0 4 0 3 0 0 
0 3 0 0 0 0 0 0 0 5 3 0 0 0 0 5 0 0 0 0 0 4 0 0 0 3 4 2 4 0 5 0 0 4 0 0 0 0 0 3 0 0 0 0 0 2 5 3 4 2 0 5 2 0 0 0 0 2 5 5 0 3 0 3 5 2 0 0 0 3 0 0 5 5 0 0 0 0 0 0 0 0 0 4 0 0 0 2 0 0 3 0 3 5 0 0 0 2 0 3 2 0 4 5 0 2 0 0 0 0 0 2 0 2 5 0 5 0 3 0 3 2 4 0 3 4 0 0 3 0 0 0 0 0 0 0 0 3 5 3 4 5 5 4 0 0 0 5 0 0 0 2 0 3 0 0 4 0 3 0 4 2 0 0 2 0 0 5 0 0 0 0 0 0 0 5 0 0 0 5 0 0 0 4 0 0 4 2 0 2 5 2 0 0 0 2 4 0 2 0 
4 4 4 -4 0 0 2 0 4 4 4 0 0 5 0 2 5 0 0 0 0 5 5 3 0 4 5 5 4 4 0 2 0 0 0 4 0 2 3 4 0 2 0 5 0 0 4 3 0 0 0 3 0 0 0 0 4 0 0 2 0 5 0 4 3 4 2 0 0 0 0 3 0 0 3 5 0 4 2 0 0 4 2 2 0 5 0 0 2 0 0 3 0 0 3 0 0 5 3 0 5 0 0 0 0 0 0 2 0 0 0 0 0 0 0 0 0 0 0 2 0 0 0 0 2 4 0 3 0 2 2 0 0 3 0 4 2 0 2 0 0 0 0 0 2 0 0 0 4 4 5 0 2 0 4 0 3 0 0 0 2 3 4 0 0 0 0 0 3 0 0 4 0 3 0 3 4 4 0 4 4 3 0 0 0 4 0 2 5 3 2 2 3 0 5 5 0 0 0 2 
2 0 4 3 4 0 0 0 0 5 5 4 0 0 2 2 0 0 0 4 2 0 4 0 0 4 0 0 0 5 0 2 0 4 4 3 5 0 2 0 0 0 5 0 4 2 4 0 0 0 0 0 4 0 0 0 5 0 0 3 0 0 0 0 4 0 0 0 0 2 0 2 0 0 0 4 5 0 5 3 0 3 0 0 4 2 0 0 0 5 3 0 5 3 0 0 0 0 4 5 0 3 4 0 0 0 5 2 2 3 0 0 3 2 3 3 0 4 5 0 3 3 4 0 0 3 0 0 0 0 4 0 5 0 3 3 0 0 0 4 0 3 0 5 0 0 0 3 0 2 3 0 2 0 5 5 0 2 2 5 3 0 2 2 5 3 0 0 0 3 0 0 5 0 0 3 4 0 0 3 3 0 2 0 0 0 3 0 5 4 0 0 3 3 4 2 0 0 0 2 
0 0 0 0 0 0 4 0 3 2 0 0 0 2 0 0 5 4 0 4 4 2 0 2 0 0 0 0 0 0 0 5 0 5 0 0 0 0 3 5 2 2 0 0 3 5 4 3 0 0 2 0 3 4 0 5 0 3 2 0 0 0 0 0 4 0 0 0 4 5 3 0 3 4 0 0 3 3 2 0 0 0 4 0 5 3 0 0 0 0 0 0 0 4 0 4 2 0 5 0 0 0 4 4 4 0 0 3 0 0 4 0 3 0 0 0 0 0 0 0 0 0 2 0 2 5 3 0 4 0 0 0 5 0 0 2 0 0 5 0 3 5 0 3 5 0 3 4 0 5 0 0 5 0 0 0 0 0 0 2 2 0 3 3 0 4 2 5 0 2 0 0 0 0 4 3 3 5 0 5 0 5 0 0 2 4 0 4 0 3 5 0 0 5 3 0 5 0 0 5 
0 0 5 4 0 0 0 0 0 0 0 2 0 0 0 0 2 3 0 3 0 0 5 2 2 4 0 4 3 4 0 0 5 0 0 0 0 0 0 2 3 0 2 0 0 0 0 3 0 4 0 3 0 0 0 3 0 2 5 4 5 2 5 4 0 0 0 5 2 4 0 4 5 0 0 3 2 0 0 0 0 0 0 4 0 3 0 0 0 4 0 2 0 0 0 0 3 0 0 0 5 5 0 0 0 0 4 4 4 0 0 0 3 4 0 0 0 0 0 0 0 3 4 0 0 4 3 0 0 2 5 5 0 0 0 4 4 5 5 5 0 3 0 0 5 0 5 0 0 0 0 0 0 0 4 0 0 0 0 0 0 0 0 0 4 3 0 0 0 5 4 0 0 0 5 2 0 0 0 0 0 4 4 0 5 3 0 3 0 0 4 0 2 0 0 0 0 0 2 0 
0 0 0 0 0 0 0 0 0 0 0 2 0 0 5 0 0 0 0 0 4 3 2 3 4 0 4 0 0 0 0 4 0 5 5 0 4 2 3 2 0 0 4 4 0 0 0 2 0 0 4 0 0 0 5 0 0 0 2 0 0 0 0 0 0 0 0 0 2 0 4 0 3 0 2 0 0 2 5 0 0 0 5 5 2 0 0 4 5 0 2 0 0 4 0 0 0 4 3 3 0 0 4 0 4 0 3 0 5 0 0 0 0 0 4 0 5 3 2 2 0 0 0 4 3 3 2 5 0 2 4 0 2 0 0 4 3 0 0 0 0 0 0 0 0 0 0 0 2 0 0 0 5 0 2 0 2 0 0 3 0 0 3 0 0 3 0 0 3 0 0 0 0 5 0 0 0 0 3 3 0 0 0 0 3 0 4 4 0 3 0 0 4 0 0 0 0 3 3 0 
0 0 5 3 2 0 0 0 4 0 0 0 5 0 0 3 2 0 0 4 0 0 3 4 0 3 5 5 4 4 0 5 5 4 4 0 0 0 3 0 0 0 0 5 3 0 0 0 4 0 0 5 5 2 0 0 2 5 0 0 5 0 0 0 3 0 0 0 0 0 0 2 0 2 3 0 0 5 5 2 0 0 2 2 3 3 0 0 2 5 0 0 0 0 2 0 5 2 0 0 0 0 3 0 2 0 5 4 0 0 0 2 5 0 0 0 4 0 5 0 0 5 5 2 4 2 4 0 5 0 5 3 2 0 0 3 0 0 3 5 0 2 0 0 4 0 0 0 0 0 0 4 0 4 2 0 4 0 5 0 3 4 0 3 0 3 2 5 0 4 4 0 0 0 5 4 3 5 0 3 2 0 3 5 2 2 3 4 2 2 3 5 2 0 0 2 0 0 0 0 
5 0 -2 0 0 0 0 0 3 -4 5 0 4 2 0 5 0 0 0 0 0 0 0 5 0 0 0 0 0 0 0 0 0 0 0 0 0 0 5 5 5 0 0 0 3 3 0 0 0 0 0 0 0 4 2 4 0 0 0 0 0 0 0 0 0 3 0 5 0 0 0 0 5 0 0 0 4 2 0 0 0 0 2 0 0 0 0 0 0 5 0 0 4 3 2 0 0 0 0 2 0 0 0 0 0 0 0 0 0 4 2 3 0 5 2 0 0 3 0 0 0 2 3 3 0 0 0 0 0 2 4 4 4 5 0 0 0 4 0 2 4 2 0 2 5 0 3 0 4 5 5 2 3 0 0 3 5 0 4 0 0 5 0 0 3 0 0 0 0 0 0 0 0 0 0 0 0 0 3 0 0 0 3 0 0 2 0 4 0 5 0 5 0 0 0 0 0 0 3 2 
2 0 0 0 0 0 0 0 0 0 0 0 0 4 5 0 0 2 0 4 2 0 3 3 4 0 0 0 0 0 2 5 0 0 0 0 5 0 0 0 0 3 0 5 0 0 0 0 5 2 0 0 0 3 0 0 0 5 5 0 0 0 5 0 0 3 5 0 0 3 2 3 0 0 3 0 0 0 2 0 3 0 0 0 0 0 2 2 0 0 0 4 0 3 0 0 4 0 4 4 0 0 0 0 0 0 0 2 0 0 5 0 5 5 0 0 4 2 0 0 3 5 0 5 2 0 0 5 0 0 0 2 4 2 3 0 4 0 4 0 5 5 0 0 5 0 0 0 3 0 0 0 0 3 4 0 0 0 2 3 5 4 4 4 0 0 2 5 0 3 0 3 3 0 0 5 0 5 4 0 0 2 4 0 5 3 0 4 4 0 0 3 0 0 5 0 0 0 5 0 
0 3 5 0 0 0 4 0 0 0 0 0 0 0 0 0 0 0 2 0 0 5 0 4 3 0 4 2 0 0 0 0 3 0 3 3 0 4 5 0 0 2 0 4 0 0 0 0 0 5 0 0 0 5 2 2 0 0 3 0 0 0 0 0 2 0 0 0 0 3 0 0 2 5 0 0 0 0 2 5 0 2 3 2 3 4 0 0 0 0 0 0 3 3 2 0 0 0 0 0 0 0 2 3 5 0 0 0 0 0 2 0 0 3 4 0 5 4 0 0 0 4 0 5 0 0 3 0 0 0 0 0 4 5 0 0 0 0 0 4 5 2 0 0 0 0 0 0 5 0 2 3 3 0 0 0 2 0 0 5 2 2 0 2 4 0 3 4 5 5 3 0 4 0 0 0 4 3 3 0 0 0 0 2 0 3 0 0 0 0 4 0 0 3 0 4 0 3 0 5 
0 4 5 0 0 0 -4 4 0 0 5 3 0 0 0 0 0 0 0 0 0 0 0 0 4 5 0 0 2 0 0 0 0 0 0 0 0 5 5 0 2 5 5 0 0 0 0 0 4 5 0 0 0 5 0 0 4 2 0 5 5 3 5 5 0 0 0 4 0 4 0 0 0 0 2 5 0 0 3 0 3 0 0 0 4 4 0 4 0 0 0 0 0 3 0 0 0 0 4 0 0 0 0 0 3 2 0 0 5 3 4 0 2 2 5 0 0 0 0 3 0 0 3 2 3 4 5 0 0 0 5 0 4 4 0 0 0 3 0 0 5 3 0 0 0 0 0 0 0 3 0 0 0 0 3 3 0 3 0 3 2 0 0 4 0 0 0 0 5 2 2 3 0 4 2 0 2 0 2 0 5 2 0 0 0 0 0 5 0 0 0 0 0 0 0 5 4 0 0 5 
2 0 0 0 0 3 0 -2 0 -5 0 2 4 0 0 0 0 0 4 0 5 0 0 0 0 4 0 0 0 0 2 0 0 0 0 2 0 0 0 0 0 0 0 5 0 5 4 0 3 0 0 0 0 5 0 3 4 3 0 0 0 2 0 0 0 4 2 4 5 3 0 4 2 0 5 3 4 0 2 3 3 4 5 4 2 3 0 2 5 3 0 2 2 0 2 4 0 3 2 0 0 0 0 5 5 0 3 4 4 4 0 0 0 0 2 2 3 0 0 5 0 3 0 3 0 0 0 0 0 5 0 0 0 0 0 3 2 0 0 0 0 5 0 0 0 0 0 0 0 0 0 4 3 3 0 0 4 3 5 2 3 4 5 2 3 0 0 0 0 0 0 2 0 2 0 0 0 4 0 3 0 0 4 2 2 0 4 0 2 0 4 0 5 0 0 2 0 0 3 0 
0 0 0 0 0 2 0 0 2 4 0 5 0 5 2 0 0 0 4 5 0 0 0 3 0 3 4 0 3 0 0 0 0 0 0 0 4 3 5 0 0 2 2 2 3 3 2 0 4 4 5 0 0 2 5 0 0 5 0 0 0 0 3 0 4 0 3 0 0 0 0 2 0 0 2 0 0 0 0 0 0 0 0 2 0 4 3 0 0 0 5 0 2 0 5 4 0 0 0 0 0 0 0 3 0 0 2 5 4 0 0 0 0 0 0 0 0 2 5 0 0 0 0 3 0 2 0 3 0 2 0 2 0 3 0 0 0 3 2 0 3 0 0 2 0 0 4 0 0 4 0 0 3 0 0 4 0 0 0 5 3 3 0 0 0 0 0 4 4 5 0 0 0 0 2 0 0 0 0 2 0 0 3 0 5 0 0 5 0 0 0 5 0 0 0 0 2 0 0 0 
0 0 0 4 5 0 0 0 0 0 0 5 0 5 4 0 0 0 4 0 0 5 0 0 0 3 0 3 3 0 0 0 0 0 4 0 5 0 0 0 4 2 0 0 0 4 0 4 4 3 3 5 4 3 0 0 2 0 0 0 0 0 0 3 0 4 0 4 5 5 0 5 0 0 0 3 0 0 0 0 0 3 0 5 3 2 0 0 0 0 2 0 0 0 0 0 0 0 0 0 4 5 0 0 5 3 0 4 2 0 0 0 5 0 0 0 4 2 5 0 0 2 0 0 5 0 0 0 3 0 0 0 0 2 0 0 2 0 4 3 3 0 0 0 0 2 3 0 3 0 0 0 2 5 0 0 0 5 0 2 5 0 0 0 0 5 2 0 0 0 4 3 2 0 3 2 0 0 2 0 2 5 0 4 2 4 0 5 5 0 2 0 2 0 0 0 3 5 0 5 
0 0 -5 0 0 0 0 0 0 0 4 0 4 3 0 0 3 0 0 0 0 0 3 0 0 0 0 4 0 0 2 3 2 0 0 0 2 4 4 5 2 0 2 0 0 0 0 2 3 2 3 2 2 0 4 0 0 0 0 5 4 4 0 5 4 2 0 0 5 5 0 4 3 0 0 5 3 0 0 0 3 0 5 3 0 0 2 2 0 3 0 3 0 5 0 3 2 0 0 0 3 0 3 0 4 0 0 0 5 5 0 0 0 0 0 0 4 2 2 5 5 0 0 4 0 0 3 2 0 2 2 3 0 0 0 5 0 0 4 4 0 2 5 0 0 0 4 2 0 0 2 3 2 0 2 0 4 0 0 0 0 5 0 4 0 0 0 0 0 5 0 0 2 0 0 5 5 3 2 0 0 3 0 0 2 4 5 5 0 0 0 0 2 2 5 2 3 2 2 0 
0 0 3 0 0 0 0 -3 3 0 4 4 2 5 2 0 2 4 2 0 0 0 0 0 2 3 0 0 0 0 0 0 0 2 3 3 0 0 5 5 2 0 0 0 0 0 0 0 0 3 5 3 0 0 4 0 5 3 4 5 0 4 0 0 0 3 0 0 0 0 0 0 5 5 0 0 3 0 0 3 4 0 0 3 5 5 0 0 3 0 3 3 0 0 3 0 2 3 5 3 5 2 0 0 0 4 0 2 4 0 5 0 0 0 0 0 0 5 0 0 0 0 0 2 0 5 0 0 4 4 0 0 0 0 0 0 4 0 2 0 5 0 5 0 0 0 2 0 0 0 0 3 0 0 0 0 3 0 0 2 0 0 0 4 4 0 3 4 0 2 0 0 4 3 2 0 0 0 0 5 0 3 0 2 0 0 3 3 0 2 0 0 0 0 2 4 4 0 4 3 
0 3 4 0 0 0 0 3 5 0 3 5 3 0 0 2 0 0 0 4 4 0 0 0 0 0 0 0 0 4 0 2 0 2 0 5 0 0 5 0 0 0 0 3 0 0 0 0 0 3 0 3 5 4 0 0 0 5 3 0 4 0 0 0 0 2 0 5 0 5 0 3 0 0 3 0 0 0 0 4 0 3 0 4 0 0 0 0 0 0 0 4 0 5 0 2 2 0 2 0 0 0 3 3 4 0 0 3 0 5 0 0 2 0 0 0 0 0 0 0 0 0 0 0 5 5 4 0 0 4 0 2 0 0 4 4 4 0 0 0 4 0 0 0 0 4 0 2 0 5 0 0 3 0 0 0 0 5 0 0 2 0 2 4 0 0 4 0 0 2 0 5 0 5 4 2 3 4 0 0 0 0 0 0 0 5 4 0 0 0 4 0 0 4 4 0 0 0 2 2 
0 0 0 0 4 0 0 0 0 5 4 3 4 0 0 3 0 4 3 0 0 5 0 0 4 0 4 0 0 0 3 3 2 2 3 0 0 0 0 5 0 2 0 5 0 2 0 2 0 0 0 3 5 0 0 0 0 0 0 5 0 2 0 0 3 0 0 3 0 0 0 0 5 0 0 4 0 0 0 0 5 0 2 3 2 0 0 0 3 0 0 0 0 5 0 5 0 0 0 0 4 0 0 0 0 3 4 2 3 0 0 0 0 0 3 5 0 0 0 4 0 3 5 3 5 0 3 0 0 0 0 0 3 0 0 5 0 3 2 0 3 0 0 5 3 0 0 0 0 5 0 0 0 0 2 4 3 2 2 0 0 0 0 0 0 0 0 0 4 0 0 2 0 4 0 4 0 2 0 0 0 3 3 0 0 0 3 3 3 4 0 0 2 0 2 0 0 0 5 0 
0 0 0 5 0 0 0 0 0 0 5 2 2 4 2 2 0 0 3 0 0 0 2 0 5 4 0 3 0 0 0 0 0 0 0 4 4 0 0 0 0 0 4 4 0 0 0 0 2 0 3 0 0 5 0 5 0 5 2 5 0 0 5 5 0 0 3 0 0 0 5 3 0 3 0 0 0 0 4 0 3 5 0 0 0 0 5 0 2 0 4 0 0 0 0 2 0 0 3 0 3 0 0 0 0 0 2 3 0 2 0 0 2 0 0 0 5 4 0 4 0 0 5 0 0 0 5 0 0 5 3 5 0 5 0 3 0 0 0 0 0 0 0 0 0 4 0 0 0 5 0 0 2 0 2 0 0 0 3 0 0 5 3 0 0 0 0 2 3 0 0 0 2 0 5 4 4 3 0 2 0 3 0 2 0 0 0 0 4 0 0 3 5 0 0 0 0 5 4 4 
0 0 2 0 5 0 0 -2 0 0 0 2 5 3 5 5 0 0 4 4 0 0 0 0 0 2 4 0 4 2 0 0 0 2 0 0 0 0 0 4 2 3 5 2 4 2 4 4 5 2 0 0 0 0 3 0 0 5 0 4 0 4 0 0 0 0 0 4 0 0 3 0 0 0 0 2 0 3 4 3 0 0 0 2 0 2 0 0 0 0 0 4 0 0 0 0 0 0 0 0 0 5 2 3 0 0 4 5 0 0 2 0 0 0 0 0 0 0 0 0 0 4 5 5 2 0 0 3 0 5 0 5 5 5 2 0 0 5 5 3 3 3 3 4 3 0 5 0 4 3 0 0 0 0 0 0 0 0 4 4 0 0 3 0 0 5 2 0 5 0 2 4 0 5 0 0 0 0 3 3 0 3 0 0 0 3 0 0 0 0 4 0 0 3 0 3 0 0 5 0 
0 0 0 -3 0 3 -5 4 0 0 0 0 0 0 0 0 3 0 3 0 0 2 5 0 0 0 2 0 0 5 4 0 5 5 3 0 0 0 0 5 0 0 0 0 0 0 0 3 0 0 0 0 4 4 0 0 5 0 5 0 0 0 0 0 0 0 4 4 0 0 0 0 0 3 3 0 0 0 0 4 0 0 0 0 0 4 5 0 3 0 0 0 5 3 2 2 0 2 0 0 0 2 3 4 0 0 0 5 5 2 5 0 4 3 0 0 3 0 0 0 0 0 0 0 5 0 4 0 2 0 0 0 0 0 0 5 0 2 0 5 0 0 3 0 0 0 2 0 5 0 3 0 0 0 0 0 0 0 0 0 0 0 0 5 3 0 5 0 3 0 0 0 4 0 3 2 0 0 5 0 5 2 0 4 5 4 3 0 0 0 0 2 5 0 4 0 3 0 4 0 
0 -4 4 0 0 5 4 0 5 5 0 3 0 0 0 0 3 4 3 5 0 2 0 0 2 0 4 4 4 5 3 5 4 0 2 2 0 0 2 0 3 0 4 0 0 4 0 2 0 0 0 0 0 0 0 0 0 2 0 5 0 5 0 0 0 0 2 0 0 3 2 3 3 0 0 2 0 2 4 0 3 0 0 0 2 3 5 0 0 0 2 2 0 0 5 0 0 0 2 0 0 0 4 0 0 0 0 0 0 5 0 0 0 0 2 4 0 5 0 0 0 0 0 0 5 0 0 0 0 2 0 0 2 5 4 4 0 0 3 0 0 5 0 4 0 3 0 4 3 0 0 0 0 0 0 0 0 4 0 0 0 0 0 2 0 3 0 3 0 0 3 0 4 0 0 0 5 5 0 2 0 0 0 3 0 2 5 0 0 3 0 3 0 2 0 5 4 5 0 0 
0 0 4 0 5 0 0 4 2 0 0 2 4 0 5 0 0 0 0 0 3 0 0 4 2 0 3 5 0 2 0 0 4 0 0 0 0 3 0 4 0 2 0 0 0 0 0 4 0 2 4 0 2 0 4 0 4 3 3 0 5 0 5 4 2 0 0 0 0 0 0 3 0 5 0 0 0 0 5 0 5 0 5 4 0 3 0 0 0 5 0 5 0 2 0 5 0 4 0 5 0 0 5 0 3 0 5 5 0 0 0 5 4 0 0 0 0 0 5 0 0 0 0 0 0 4 4 0 3 0 4 2 0 3 0 0 3 2 2 2 0 4 0 3 0 0 3 0 0 0 2 3 0 0 2 0 5 4 0 5 0 0 0 4 0 0 4 0 0 0 3 0 4 3 0 0 0 0 0 0 0 0 0 0 3 0 4 0 0 0 0 3 3 2 0 4 5 5 2 0 
4 0 3 0 4 0 0 0 0 0 0 0 2 4 0 0 0 0 0 3 3 3 0 0 0 0 0 0 0 3 4 0 0 0 0 0 2 5 0 0 5 0 3 0 3 2 3 0 0 0 0 5 5 3 5 0 0 0 0 0 3 5 0 0 0 4 0 0 0 0 0 0 0 4 0 3 0 0 2 0 0 3 4 0 0 0 0 3 4 0 0 3 0 0 2 2 0 0 0 4 0 5 0 0 0 0 4 3 4 0 0 0 3 2 0 0 5 0 0 0 0 3 3 0 0 2 0 0 2 2 0 2 0 0 3 0 4 2 0 0 4 4 5 2 4 4 2 0 0 5 0 0 0 2 0 0 0 3 0 0 3 3 0 0 0 0 0 0 0 0 0 2 0 0 4 0 5 4 0 0 0 0 0 4 0 2 0 0 0 0 3 4 2 2 0 3 0 0 0 2 
3 0 3 0 0 2 2 0 0 0 0 4 0 2 0 3 0 3 0 2 5 0 0 0 4 2 0 0 4 0 0 0 0 4 0 5 4 0 5 2 0 2 0 0 0 2 2 0 5 5 3 2 0 0 0 2 4 0 0 0 5 4 5 5 3 2 5 0 0 0 0 5 2 0 3 2 0 0 3 0 0 0 0 0 4 2 5 0 0 4 4 0 0 0 0 4 3 5 0 3 3 0 5 0 0 5 0 0 3 3 4 4 0 0 0 4 0 3 4 0 0 0 3 0 0 0 3 0 0 2 0 0 2 0 5 2 0 0 0 0 5 3 0 0 0 5 5 0 4 0 3 0 0 0 0 0 0 0 4 3 0 4 0 0 0 5 0 4 5 0 0 0 0 0 3 5 0 2 0 0 2 0 0 0 0 2 0 0 0 0 0 3 0 0 0 0 0 4 0 5 
5 0 4 0 0 4 4 4 0 2 0 0 2 3 2 0 0 0 5 3 3 2 3 0 0 0 5 5 2 0 0 0 0 0 0 3 5 2 0 5 0 5 2 0 0 0 0 0 3 0 0 4 0 3 5 5 4 0 5 3 3 0 0 0 5 0 0 0 0 0 0 0 0 5 0 0 5 3 2 0 4 4 4 0 0 0 3 2 0 0 5 0 0 0 4 4 0 2 5 0 0 5 4 3 3 0 0 4 5 0 2 3 3 0 0 0 0 4 0 0 4 2 0 0 3 2 0 0 4 5 2 5 0 3 0 5 3 0 0 0 0 0 4 4 0 0 0 0 5 0 3 0 0 2 5 4 0 5 2 0 3 0 3 0 5 0 0 0 2 5 0 3 0 2 0 4 5 3 0 0 0 0 4 0 0 3 0 3 0 0 0 3 3 0 0 0 3 3 0 0 
5 0 4 0 4 0 2 0 0 0 3 0 0 0 0 0 0 0 0 0 2 3 0 0 3 0 2 5 3 2 0 0 0 2 4 0 5 0 0 2 0 0 0 4 0 0 0 2 0 0 3 5 5 0 0 0 0 0 0 0 0 3 0 4 0 0 0 0 0 0 0 0 5 0 5 0 3 0 2 2 0 0 0 0 5 0 2 5 0 0 0 2 0 3 3 5 5 4 0 0 4 0 0 5 0 0 5 0 2 0 0 2 3 0 0 0 5 5 0 0 0 3 0 0 0 4 4 0 4 4 4 4 0 0 2 2 2 0 0 2 0 0 3 0 0 0 0 0 0 5 0 0 0 0 0 0 0 2 0 0 3 0 0 3 2 0 3 0 0 0 0 0 0 0 3 4 0 0 0 0 3 0 0 2 0 0 0 0 2 2 0 5 2 0 0 0 2 0 2 4 
0 -2 5 5 0 5 0 5 0 3 0 4 0 3 4 0 2 0 0 0 0 0 0 0 0 4 0 0 0 0 0 0 0 0 0 4 3 0 0 0 0 0 4 5 0 0 4 0 2 3 3 2 3 0 0 3 0 3 0 3 0 3 0 0 4 2 0 0 0 3 2 5 0 3 0 2 0 0 5 0 0 4 0 0 4 2 5 0 3 4 0 0 5 4 4 4 2 0 0 2 0 0 0 0 5 0 0 0 0 0 0 5 3 0 5 0 2 0 0 2 0 0 3 0 0 0 0 3 0 5 0 0 0 0 0 0 2 0 5 3 0 0 0 2 0 0 0 5 0 3 0 2 0 0 0 0 0 0 0 0 0 3 4 2 0 2 3 0 4 0 4 0 5 0 0 0 4 0 0 3 0 0 0 0 4 0 5 0 0 0 0 2 0 0 0 0 0 0 2 4 
3 0 5 3 5 0 5 2 0 2 3 0 0 0 0 5 3 3 5 0 2 4 0 0 3 2 0 3 0 4 2 0 5 5 0 4 0 0 2 0 0 4 0 5 0 0 2 5 0 3 5 0 0 0 0 5 0 0 2 2 0 3 0 5 0 4 0 0 0 4 0 2 0 0 0 0 0 0 0 0 0 4 0 2 3 5 0 0 2 0 0 0 0 0 0 0 2 5 2 0 0 0 0 0 0 4 0 0 0 4 0 0 0 0 3 0 0 0 0 2 0 3 5 0 0 4 0 0 0 2 0 0 2 0 2 3 0 0 0 0 0 0 2 0 0 0 2 0 4 0 0 0 2 5 0 0 0 0 0 0 3 0 3 0 0 0 0 3 4 4 0 0 0 0 0 4 5 2 0 0 0 4 0 0 5 4 4 0 0 2 0 5 3 0 0 3 4 4 0 0 
4 3 5 -3 0 0 3 0 0 5 4 0 5 0 5 0 2 0 3 3 0 0 0 4 0 0 0 0 3 5 0 0 3 0 4 3 0 4 0 0 0 0 3 0 0 4 0 0 5 2 0 4 3 4 2 0 4 0 0 0 0 0 2 2 0 0 4 4 0 0 0 3 5 4 0 0 2 0 0 0 2 0 0 0 0 0 0 3 0 2 5 3 0 0 0 0 0 3 4 3 0 0 2 5 0 3 4 2 0 0 2 0 4 0 0 2 0 0 0 0 0 0 4 2 0 3 0 4 0 0 0 0 0 0 0 0 0 0 0 3 0 3 0 0 0 3 0 0 4 0 3 0 0 0 5 0 4 0 4 0 2 0 0 0 0 0 0 0 0 0 3 0 0 3 2 0 3 5 0 0 0 2 0 0 5 4 5 0 3 2 5 0 0 0 0 2 0 0 3 3 
0 0 0 2 0 0 0 0 0 0 5 3 0 0 0 0 4 0 5 0 0 0 5 0 4 5 0 4 0 0 0 0 0 5 3 0 4 0 4 0 0 0 0 0 0 0 4 3 3 2 0 5 0 0 0 2 0 0 2 0 0 0 0 0 0 2 3 0 0 0 0 0 3 0 3 3 0 0 0 0 0 0 0 2 0 0 0 0 2 0 0 4 2 2 0 0 0 0 0 0 5 5 0 0 5 0 0 0 0 0 0 0 0 5 3 2 0 0 0 0 5 4 5 0 0 4 2 0 0 2 5 2 4 0 3 0 0 0 0 2 0 0 5 5 0 0 5 5 4 0 0 0 4 0 0 0 0 2 2 0 0 0 0 0 4 3 0 4 5 0 0 0 0 0 5 0 0 4 0 5 3 0 0 4 0 4 3 2 5 0 0 5 0 0 2 0 0 0 0 0 
4 0 0 5 2 0 0 0 0 4 0 0 4 0 0 4 0 2 0 5 0 0 5 0 2 0 0 5 0 5 2 0 0 5 0 5 4 0 0 5 3 3 2 0 4 0 0 4 0 2 0 0 0 0 0 5 3 0 0 0 0 4 0 0 0 0 4 0 0 4 0 2 0 0 0 0 0 4 4 0 5 4 0 0 0 4 4 0 0 5 0 3 0 2 0 0 0 0 5 5 5 0 4 0 0 0 3 0 0 0 0 0 0 0 0 5 3 5 0 3 0 5 0 0 4 0 2 0 2 0 4 0 4 0 0 3 0 0 0 0 0 0 0 5 2 0 0 5 0 3 0 0 5 0 4 0 0 0 0 2 0 3 0 0 0 0 5 4 0 0 0 0 3 0 5 3 4 2 0 4 0 5 0 0 0 0 0 0 0 3 5 0 5 5 0 0 2 2 0 0 
0 0 0 2 5 -5 0 0 0 4 0 2 0 0 0 5 0 0 2 0 0 0 0 0 3 2 4 3 5 0 0 3 0 0 0 0 0 3 0 0 5 0 0 0 0 0 0 4 0 0 0 3 0 0 0 2 0 3 4 5 0 0 3 0 0 4 0 4 2 3 5 0 0 0 5 0 0 0 3 0 3 4 0 0 0 0 0 3 2 0 0 0 0 0 5 0 0 5 5 0 0 4 5 0 0 0 0 0 5 0 0 4 4 5 0 0 0 3 0 0 0 0 0 0 0 0 0 3 0 0 0 0 0 2 3 3 0 0 3 0 0 0 0 0 0 4 4 4 3 0 0 4 0 0 0 0 2 0 0 3 5 5 2 0 4 0 0 2 2 0 2 0 0 5 0 0 4 0 0 0 5 0 0 2 5 0 0 5 5 5 5 0 0 2 5 0 0 0 3 0 
2 4 0 0 0 0 0 0 0 0 0 0 0 0 0 0 0 2 0 5 0 3 2 0 0 4 0 0 0 2 0 0 0 0 0 2 0 5 0 0 0 3 4 0 5 0 3 0 3 0 0 0 2 0 2 0 4 0 0 2 3 4 5 0 0 0 0 2 0 0 5 3 0 0 0 2 0 0 0 4 4 0 0 2 0 0 0 0 0 0 0 0 0 2 3 0 4 0 0 0 0 0 4 5 2 0 0 0 3 3 0 0 0 0 0 0 5 0 0 2 3 0 0 3 0 0 0 0 0 0 4 3 0 0 0 0 0 0 0 0 0 4 0 0 0 0 0 2 4 0 4 2 0 0 5 5 2 0 0 0 0 2 0 0 0 0 0 0 3 0 0 4 3 0 0 2 0 5 0 0 4 0 0 4 4 0 0 0 2 0 5 2 2 0 0 0 0 3 4 4 
5 2 0 0 3 2 0 5 0 0 0 0 0 0 3 0 0 0 0 0 0 2 2 0 0 0 3 5 4 4 0 5 2 2 0 0 0 0 3 3 0 4 4 0 0 0 4 5 0 3 0 4 0 0 5 2 4 0 0 3 0 0 0 2 0 0 2 0 0 0 0 0 5 2 4 0 0 5 0 0 5 0 0 0 3 0 0 3 0 4 5 2 0 0 3 0 0 0 0 2 4 4 0 0 0 0 3 0 0 5 0 0 2 0 4 2 0 3 5 0 5 0 4 0 0 0 4 0 2 0 0 0 5 0 2 0 2 3 0 3 0 3 0 0 0 4 0 0 5 5 0 0 4 0 2 0 0 4 2 0 2 0 0 0 2 0 4 0 4 0 0 4 0 3 0 0 0 2 2 0 0 0 0 0 0 4 0 4 0 5 3 0 0 0 0 0 2 3 3 3 
0 3 0 4 4 2 0 4 0 4 4 0 2 0 5 0 0 0 5 0 3 0 2 4 4 0 3 4 0 5 0 0 5 0 0 0 0 0 0 3 0 5 3 3 3 4 0 3 0 0 4 5 0 0 0 0 0 2 2 0 0 0 2 0 0 0 0 0 0 0 0 5 0 0 4 4 5 0 0 2 2 2 3 0 4 0 0 4 0 0 0 3 2 0 4 4 4 0 5 0 2 0 0 2 4 0 0 0 0 0 0 0 0 4 0 0 0 0 2 0 0 0 0 0 0 0 0 0 0 3 0 0 5 0 0 2 3 5 0 3 0 4 0 0 2 2 3 3 0 3 3 0 0 0 0 3 4 5 4 0 0 0 0 5 0 0 0 2 0 5 0 3 0 0 4 0 3 4 0 0 0 0 2 0 2 0 0 0 0 2 5 0 0 2 0 0 4 5 2 0 
2 0 0 0 5 4 0 2 0 0 0 0 4 2 3 0 4 3 0 2 0 0 0 0 2 3 4 2 0 5 0 2 0 5 3 0 0 0 3 2 4 4 0 0 0 0 0 2 2 0 3 0 0 5 0 0 2 2 2 0 5 0 3 0 0 0 5 0 3 3 0 5 0 2 2 0 4 0 0 0 3 0 4 4 0 0 0 3 3 3 0 4 5 4 0 0 0 0 4 0 0 4 0 0 2 5 0 0 4 0 3 3 3 4 0 4 0 0 5 2 0 0 0 0 0 0 2 0 0 5 0 0 0 0 0 5 0 0 0 4 0 0 0 0 0 3 3 0 0 0 2 3 0 0 0 0 4 2 0 2 0 4 0 0 2 0 0 5 3 2 0 0 4 0 0 0 5 5 0 5 3 0 0 0 0 0 0 0 3 0 0 0 0 5 4 0 0 2 0 0 
0 2 2 3 0 4 0 5 4 0 0 0 0 0 0 0 4 0 3 0 0 5 3 3 5 0 0 5 4 0 3 5 0 3 0 0 3 5 0 0 0 5 2 0 2 2 0 2 3 0 0 0 0 0 0 0 4 2 3 0 5 2 3 0 4 0 0 3 0 4 0 0 5 5 0 4 3 0 5 4 5 0 0 0 0 3 5 4 0 5 0 0 0 3 0 5 0 0 2 0 5 3 0 2 3 5 0 0 0 4 5 0 0 3 5 0 0 0 0 0 0 3 0 0 4 0 3 2 2 0 0 2 0 4 0 0 0 0 0 0 5 2 0 0 4 0 5 0 0 0 0 3 0 0 0 0 0 5 2 0 0 5 4 2 0 3 0 2 3 4 0 0 0 5 3 0 2 0 0 0 2 5 3 0 0 0 4 0 4 5 0 0 0 2 5 0 0 0 5 2 
0 0 2 0 3 0 2 -2 3 4 2 5 0 3 0 0 0 2 4 5 0 0 2 3 0 0 0 0 5 2 0 0 0 0 5 0 0 0 4 0 0 0 0 0 5 0 0 0 0 3 0 4 2 0 0 0 0 4 0 5 4 2 3 0 2 3 3 2 0 2 5 3 0 3 0 0 0 0 0 0 3 3 3 0 2 0 0 0 0 0 0 4 0 5 0 0 0 0 0 2 2 2 0 4 0 0 0 0 0 0 2 3 0 0 0 0 0 0 0 4 0 0 0 3 0 5 0 5 0 0 0 0 4 3 0 0 0 2 0 0 4 0 0 5 2 0 0 2 3 5 0 0 0 3 0 0 0 0 5 0 0 2 3 0 0 0 3 0 4 0 0 4 0 3 0 4 0 0 0 0 3 0 0 3 0 0 4 0 0 4 0 4 3 0 4 0 3 4 2 0 
4 2 0 0 0 2 2 2 0 0 2 5 0 0 0 0 0 4 0 0 4 3 5 0 3 0 0 0 0 0 5 0 5 0 2 5 0 0 0 0 3 0 0 0 0 2 0 3 0 0 0 0 5 0 4 0 5 0 3 0 4 5 0 0 4 5 4 0 0 0 5 5 0 3 5 3 0 0 0 0 0 0 2 0 0 0 0 0 5 3 4 0 0 5 2 0 0 3 3 5 0 0 2 0 0 0 0 4 2 0 0 2 0 0 5 0 0 0 3 0 0 0 0 0 5 0 0 4 0 5 0 3 0 5 0 4 5 0 0 5 0 0 2 0 0 0 0 0 0 0 0 0 2 2 0 4 0 3 0 4 0 0 5 2 3 2 0 4 0 3 4 0 0 0 0 4 5 0 0 0 0 5 2 0 0 0 0 0 4 0 0 0 0 2 0 0 0 0 0 4 
0 0 0 2 0 5 3 0 0 0 0 0 0 5 0 4 4 2 0 0 0 3 0 0 0 0 0 5 0 3 5 0 0 5 0 3 4 0 0 0 0 0 0 4 2 5 0 0 5 0 0 0 0 4 3 0 0 0 0 2 4 0 2 3 0 0 0 0 0 3 0 0 0 4 4 3 5 0 2 0 5 2 5 0 0 4 3 0 0 3 5 0 0 0 3 0 0 2 4 0 4 0 0 2 0 0 2 3 0 0 0 4 5 0 0 0 0 0 0 0 0 5 5 0 2 0 2 5 0 0 0 2 3 0 4 0 4 0 2 3 0 2 0 4 2 0 2 3 3 0 5 0 0 0 4 0 4 0 0 2 0 5 0 4 0 5 0 0 0 0 0 3 0 2 0 2 0 3 4 0 2 2 0 0 0 3 0 0 0 5 0 0 5 2 0 0 0 0 0 0 
2 -5 0 0 0 0 0 4 0 0 3 0 0 5 4 0 0 0 0 2 2 0 5 0 0 4 2 0 0 0 0 2 3 0 0 3 0 0 0 2 0 0 0 4 5 0 5 0 4 0 0 4 0 4 5 4 0 0 0 0 3 0 3 0 0 0 5 0 0 0 0 2 3 5 0 0 0 3 0 0 0 0 4 5 0 3 0 4 3 3 0 4 4 0 5 0 0 4 0 0 0 0 0 0 0 0 0 0 5 0 0 4 5 4 0 0 0 0 2 0 5 0 0 3 0 0 0 4 5 0 4 0 4 5 0 0 0 5 3 0 4 4 0 0 4 0 0 2 5 0 4 3 4 5 4 0 0 0 0 0 0 0 0 0 0 2 5 0 3 2 0 0 2 3 4 0 3 3 0 0 3 0 5 0 4 0 0 5 0 0 0 0 0 3 0 4 0 3 0 0 
5 0 2 2 3 0 0 5 5 5 0 3 3 0 0 0 0 4 0 0 0 0 0 0 0 0 0 0 0 0 2 3 0 3 0 0 2 0 2 0 4 5 5 0 4 0 0 0 0 2 0 0 0 5 0 3 4 4 0 0 0 3 0 0 2 0 0 0 4 0 2 0 4 0 2 2 2 0 0 0 0 2 0 0 0 0 4 0 2 0 4 5 0 0 0 0 4 0 5 3 0 4 0 0 0 2 0 4 0 0 3 0 0 5 0 3 0 0 3 0 4 0 2 0 2 0 0 0 5 2 0 0 4 0 0 0 4 4 0 2 3 0 0 5 0 2 5 5 0 0 0 0 0 3 0 3 0 0 4 5 2 0 0 0 0 0 0 0 0 5 0 0 0 2 0 5 2 0 0 0 2 5 0 4 0 0 0 0 0 5 2 3 5 3 0 0 0 5 4 0 
0 0 2 0 0 0 0 0 0 0 0 0 0 5 3 3 0 0 0 5 3 5 5 4 5 4 0 0 0 0 3 0 0 4 0 0 5 0 0 0 3 4 4 5 0 5 5 3 3 0 4 5 0 0 3 4 4 3 2 3 0 0 3 0 4 0 0 4 0 0 2 4 0 2 0 0 0 4 0 0 4 0 0 0 0 0 4 0 0 4 0 2 0 3 5 0 0 3 0 0 3 5 0 3 5 4 5 5 2 5 0 5 4 0 0 0 0 0 4 3 0 0 3 0 0 5 0 3 0 3 0 0 0 5 5 2 0 0 0 0 0 0 2 0 0 2 5 0 0 2 0 4 0 0 0 0 0 0 0 0 0 0 0 0 4 4 0 0 3 3 0 0 0 0 0 2 2 0 0 5 4 0 0 2 0 0 2 0 2 0 4 0 0 0 0 5 0 0 0 4 
0 3 0 2 0 0 0 0 0 0 0 0 2 5 0 3 0 0 0 0 2 4 0 0 3 5 5 3 2 2 0 2 0 0 0 0 5 0 0 2 0 0 4 4 0 3 2 0 5 0 0 0 0 0 4 3 0 2 0 0 3 0 0 0 2 3 0 0 4 0 3 0 0 0 0 0 2 5 0 0 0 0 0 0 5 0 0 0 0 0 5 2 0 0 4 0 0 0 2 0 4 0 2 0 0 0 0 0 0 5 5 0 0 0 4 0 2 2 0 0 0 3 2 4 2 0 0 3 0 0 0 5 0 5 0 4 2 5 0 5 0 0 0 0 0 0 0 4 5 0 0 5 0 0 2 2 3 0 0 0 0 0 3 4 0 0 0 0 0 3 0 0 5 0 2 0 0 0 0 0 0 0 3 0 0 2 0 0 5 0 4 0 0 0 0 2 0 0 0 0 
0 0 0 0 0 5 5 3 0 0 0 0 0 5 0 0 0 2 0 4 4 0 2 0 4 0 4 0 0 0 0 0 0 0 0 0 0 5 0 0 0 4 0 0 4 2 0 0 0 0 2 0 0 0 0 0 0 2 0 3 4 0 0 0 0 0 0 4 0 0 5 2 3 0 0 0 5 0 0 0 3 0 0 5 0 3 2 0 0 0 3 4 0 3 0 0 0 0 0 4 0 4 0 0 0 0 0 0 0 4 0 0 3 0 5 0 0 0 0 0 4 0 0 0 0 0 0 2 5 5 0 3 4 0 4 0 0 4 0 0 0 0 0 0 0 0 0 0 3 2 3 0 0 0 4 0 4 0 0 0 0 4 5 0 0 2 0 5 0 3 0 0 0 3 3 0 4 0 0 0 5 3 0 0 2 5 3 0 3 0 2 0 0 0 0 0 0 0 0 0 
0 0 0 0 0 0 0 0 -2 2 0 2 0 0 0 0 0 2 0 0 0 0 5 0 0 0 0 4 5 4 0 0 0 0 0 4 0 0 4 5 4 4 0 5 0 2 2 0 2 5 0 0 0 0 5 2 0 0 4 4 2 0 0 0 4 0 0 4 0 0 0 3 0 3 5 0 4 0 0 0 0 0 5 0 0 0 0 5 0 0 5 3 4 0 0 3 0 0 0 0 0 0 0 0 5 0 3 0 3 0 0 3 0 0 5 0 5 4 0 0 0 0 5 0 5 5 0 0 0 0 0 0 0 0 3 0 0 0 0 0 0 0 0 2 0 5 4 2 5 0 0 4 0 0 3 0 3 0 0 5 0 2 0 2 5 0 0 4 0 0 3 2 0 0 0 2 5 3 0 2 4 0 0 0 0 0 0 2 0 3 0 0 2 2 0 0 0 0 0 0 
5 2 5 0 5 0 0 0 0 -2 0 0 0 0 0 0 0 0 0 3 2 2 2 0 0 0 0 0 0 3 0 0 5 4 0 0 0 0 2 0 4 2 0 2 0 3 0 4 0 0 5 4 0 0 0 0 0 0 4 0 0 5 0 0 0 0 0 0 0 3 0 3 0 2 2 2 4 3 5 0 0 4 3 0 0 5 0 2 0 0 0 0 0 0 0 3 0 0 2 0 0 0 0 2 3 0 0 0 4 0 0 0 0 0 0 0 0 3 2 0 0 3 3 3 0 0 5 0 0 5 0 0 0 0 0 2 2 0 0 0 2 5 0 0 0 5 0 0 4 4 3 0 0 0 3 5 0 0 5 0 0 2 0 0 0 2 2 0 0 2 0 0 2 2 3 0 5 0 3 0 0 2 2 3 0 5 0 0 0 0 4 5 5 5 0 4 5 0 0 0 
0 4 0 0 0 0 2 0 0 0 4 0 0 0 0 0 0 0 0 3 3 0 0 0 0 0 0 3 3 0 4 2 0 0 0 4 0 3 0 5 5 3 0 2 0 5 0 0 3 0 3 0 0 0 5 0 0 0 0 0 0 0 0 5 0 5 0 2 4 0 0 2 0 4 4 0 0 4 0 2 0 2 0 0 4 2 0 0 2 0 0 5 2 0 0 0 0 0 0 3 3 0 0 0 0 0 0 0 3 0 0 0 0 5 0 0 2 5 0 4 0 0 0 4 0 4 0 4 0 2 0 0 0 5 0 0 0 0 0 0 0 0 4 0 0 0 0 0 3 0 0 5 0 0 0 0 3 0 3 0 0 3 4 3 3 3 0 3 5 0 0 5 5 4 0 0 0 5 0 5 0 4 0 5 0 0 2 3 3 0 0 0 0 2 4 0 3 4 0 0 
0 0 3 4 0 -5 2 5 0 0 4 0 0 2 0 0 0 4 2 3 0 0 0 4 4 0 5 0 0 4 2 0 0 3 0 0 0 0 0 0 2 3 0 0 0 0 0 2 0 0 0 2 0 0 4 3 3 0 2 0 0 0 0 0 3 2 0 2 0 0 5 5 3 3 4 3 2 5 0 0 2 0 0 5 2 0 4 0 0 0 0 3 0 3 2 0 4 4 0 0 0 0 0 0 4 2 2 0 0 3 0 0 0 0 0 0 5 3 2 0 4 0 0 0 0 0 0 3 0 2 0 0 0 0 4 4 0 2 3 5 0 0 0 0 0 0 0 0 0 0 5 0 0 0 0 3 5 5 0 3 0 0 0 0 0 2 3 0 0 0 0 0 0 2 2 0 0 4 0 0 0 0 2 4 0 0 2 5 0 0 0 0 0 0 0 0 0 0 0 0 
0 0 0 5 0 0 0 0 0 4 0 4 5 0 0 0 0 0 0 3 5 0 0 0 0 3 0 5 0 0 0 0 3 0 2 4 0 0 0 5 0 0 0 3 3 4 4 2 4 5 5 0 2 2 0 3 0 0 0 3 0 3 0 0 0 3 5 0 0 0 2 0 0 0 4 4 5 4 0 0 0 0 4 0 0 0 2 0 0 0 0 2 0 4 0 4 0 4 0 0 3 0 0 0 0 0 2 0 0 2 0 5 0 0 5 0 4 4 3 0 0 0 0 0 5 5 0 0 0 0 2 0 0 5 3 4 0 0 0 0 2 2 0 0 4 0 2 3 3 0 5 5 0 0 4 4 4 0 5 5 0 0 2 0 0 0 5 2 0 2 3 5 4 0 3 4 3 3 0 4 0 5 0 0 0 0 0 2 3 0 0 4 0 0 0 0 4 0 3 3 
2 0 3 0 5 3 5 0 2 2 2 0 0 5 0 3 0 3 0 2 0 0 0 0 0 3 0 5 0 4 5 0 0 3 0 0 0 5 5 0 3 3 0 0 0 0 0 0 0 0 2 0 4 5 4 0 0 4 0 0 0 0 5 5 0 0 0 3 0 5 3 0 3 2 0 0 5 4 0 0 0 0 0 0 0 0 2 5 4 0 3 0 0 0 0 2 0 0 4 4 0 0 0 0 0 0 0 0 3 0 5 0 2 0 0 0 4 2 0 0 0 0 4 4 0 0 0 2 0 0 0 0 0 0 0 0 3 0 2 3 0 3 0 3 5 2 0 3 4 2 0 4 0 3 0 3 0 0 0 0 0 0 0 4 0 0 4 3 0 0 0 0 0 0 0 0 0 0 3 0 3 0 3 0 0 0 5 0 0 0 0 4 0 0 0 0 3 0 0 0 
0 0 3 4 0 3 5 0 0 4 0 4 0 0 5 2 3 0 5 0 0 0 0 0 0 0 0 0 0 3 0 0 4 5 0 3 0 2 4 0 3 2 0 5 3 0 2 5 5 0 0 0 2 0 0 0 0 3 0 4 5 3 2 0 0 5 0 5 0 0 0 0 0 0 5 0 0 0 0 0 0 0 0 0 0 4 5 3 4 0 4 0 0 0 2 0 2 0 0 2 0 0 4 3 0 0 3 4 0 0 5 0 0 0 0 0 0 0 0 5 0 2 5 0 0 0 5 4 4 3 2 5 4 2 3 0 0 0 3 0 0 0 4 0 0 0 0 0 3 0 0 0 4 3 3 3 4 0 0 3 5 2 0 0 0 4 4 0 0 0 0 5 2 0 0 0 5 0 0 0 3 4 0 0 0 0 0 0 0 3 0 0 0 0 3 3 0 2 0 3 
0 0 0 0 0 0 2 0 0 4 3 5 5 0 0 0 4 0 0 4 0 4 2 0 0 3 0 0 4 0 3 0 0 0 0 0 5 0 5 0 0 0 0 2 0 0 0 0 2 5 3 5 5 0 5 0 3 0 0 0 4 0 0 0 2 0 5 0 4 0 0 0 5 2 0 0 0 4 0 0 5 4 0 5 0 3 0 0 2 0 0 5 0 0 4 3 3 0 5 0 2 0 4 4 4 0 4 0 0 0 3 0 0 0 3 0 0 0 0 4 0 0 3 0 0 0 3 5 0 0 0 0 2 2 2 0 3 5 0 0 2 0 5 0 4 0 0 0 0 0 0 3 5 0 0 0 3 0 0 3 2 0 0 0 0 0 0 0 3 3 0 0 0 3 0 0 2 0 5 2 0 0 0 3 3 0 2 3 4 0 0 0 0 0 0 0 0 0 0 0 
0 0 4 0 0 5 4 0 5 0 0 0 0 0 0 2 0 0 4 3 4 0 3 0 3 3 0 4 0 0 4 0 0 0 4 5 0 0 3 0 2 3 0 3 0 0 0 0 5 5 0 3 2 0 0 5 2 0 0 0 2 0 0 0 0 0 0 0 0 4 0 2 3 0 0 5 0 0 0 0 3 0 4 0 0 2 5 5 3 0 0 0 0 0 0 3 0 5 0 5 5 5 0 5 0 0 4 0 0 3 2 0 0 0 0 4 5 0 3 0 5 0 2 4 0 0 0 0 0 4 0 2 2 2 0 0 0 5 0 0 5 0 0 3 0 0 0 0 0 4 0 3 0 0 4 0 0 0 4 0 0 0 0 2 0 0 0 0 0 0 0 0 0 0 0 0 2 2 0 0 2 2 0 2 2 4 0 4 0 0 4 3 3 0 0 0 5 0 5 0 
0 3 4 0 0 2 0 0 4 5 0 0 3 0 3 3 4 0 0 0 0 2 5 0 0 0 0 0 0 2 0 5 4 0 0 0 0 0 2 4 0 0 4 0 0 2 0 5 5 4 0 5 3 4 4 0 2 0 0 0 0 2 0 0 0 0 0 0 0 4 0 2 0 0 3 3 0 0 0 0 0 0 0 0 0 0 0 0 0 2 3 0 0 5 2 0 4 0 0 0 0 0 0 0 2 4 0 3 2 0 5 0 0 0 3 0 2 0 0 3 0 4 0 0 0 4 2 0 0 4 4 0 0 5 0 0 0 3 3 0 4 4 4 0 0 5 0 0 3 0 2 0 0 0 0 0 0 0 2 5 0 0 0 0 0 0 2 3 0 4 0 4 0 3 0 0 2 3 5 0 0 0 0 0 5 4 0 0 0 4 3 4 4 0 0 0 3 2 0 0 
0 0 0 0 4 0 5 0 0 0 0 0 0 0 2 3 0 0 5 5 4 0 0 0 0 3 0 0 3 3 5 0 0 5 3 0 0 0 0 5 3 0 0 0 0 2 0 3 5 0 0 4 0 0 0 0 0 0 2 0 0 0 3 0 0 0 2 3 0 0 3 0 3 0 0 4 0 5 2 3 0 2 0 5 0 0 0 0 2 0 0 5 4 0 3 2 5 0 4 0 0 0 0 4 0 0 0 0 0 2 4 0 3 0 3 0 0 0 0 0 0 0 2 0 3 0 0 0 0 0 0 0 4 5 5 5 3 3 0 0 4 0 2 5 0 0 3 2 3 0 0 0 3 0 4 0 2 0 0 0 0 0 3 5 0 2 0 0 2 3 4 0 0 0 0 0 0 0 0 0 0 0 0 0 3 0 0 0 0 0 0 0 0 5 0 0 0 0 0 0 
0 0 0 5 3 0 0 0 -3 3 0 0 4 0 5 2 3 0 3 0 0 0 0 5 2 5 0 4 2 0 0 0 3 0 2 0 0 0 5 5 3 0 0 0 0 3 0 0 0 3 2 3 0 3 3 0 0 2 4 0 4 0 0 0 0 0 0 2 0 0 3 0 0 0 0 0 4 0 0 0 0 0 0 0 2 5 2 5 0 0 0 0 5 0 0 5 4 4 0 0 0 4 0 0 0 0 4 3 0 2 0 0 0 0 2 0 0 0 5 5 4 0 4 2 0 2 0 0 4 0 2 3 0 3 3 0 4 0 0 0 3 2 5 0 0 4 0 4 5 3 0 3 3 0 2 5 3 3 0 4 0 0 5 3 0 0 0 0 0 4 0 3 5 2 0 0 2 0 3 0 0 0 0 0 0 0 0 0 0 2 0 0 3 2 3 4 0 5 0 0 

