20 50

7 9 9 5 9 6 9 7 5 10 5 5 5 8 6 8 9 5 7 5 

5 2 4 3 4 4 3 5 2 5 5 3 3 5 4 3 2 5 4 6 3 2 6 2 2 4 4 5 5 3 4 6 6 5 4 5 6 4 6 6 5 6 2 6 3 5 6 3 2 4 

0 0 0 0 0 0 0 0 0 0 0 0 0 0 0 0 0 0 0 0 0 0 0 0 0 0 0 0 0 0 0 0 0 0 0 0 2 2 2 2 2 3 3 3 3 4 4 5 5 5 
0 0 0 0 0 0 0 0 0 0 0 0 0 0 0 0 0 0 0 0 0 0 0 0 0 0 0 0 0 3 4 4 4 5 5 5 0 0 2 2 5 0 3 5 5 0 0 0 0 0 
0 0 0 2 0 0 0 0 0 0 0 0 0 0 0 0 0 0 0 0 2 2 3 4 4 5 5 5 5 0 0 0 4 0 3 3 0 4 0 0 4 0 0 0 5 2 4 2 2 3 
0 0 0 4 0 0 0 0 0 0 0 0 0 0 0 0 0 4 5 5 0 0 0 0 3 0 0 2 2 0 0 0 0 0 0 0 0 0 0 5 4 0 0 2 3 0 0 0 0 0 
0 0 0 0 0 0 0 0 0 0 2 2 2 4 4 5 5 0 0 0 0 4 0 0 0 0 0 0 0 5 0 0 0 4 0 4 0 0 0 0 0 0 0 0 0 0 0 0 2 0 
0 0 0 2 0 0 0 2 2 5 0 0 2 3 5 0 0 0 0 0 5 0 2 3 0 0 2 0 0 0 0 0 5 0 4 0 5 2 0 0 0 2 2 4 3 0 0 0 0 0 
0 0 4 5 0 0 0 0 0 2 3 4 4 0 0 0 0 2 0 0 0 0 0 0 0 0 0 3 4 0 0 0 0 5 0 0 0 0 0 0 0 0 0 0 5 0 0 0 0 4 
0 0 -5 0 0 2 3 0 3 0 2 4 0 0 0 0 2 0 0 0 0 0 0 0 0 4 0 0 2 0 0 5 2 3 0 0 5 0 0 0 2 0 0 0 5 2 3 0 2 5 
0 4 0 0 0 0 0 4 0 0 0 4 3 4 0 0 5 4 0 5 0 4 0 0 0 5 0 0 0 0 2 0 0 0 0 0 0 0 0 0 0 0 2 0 0 0 0 0 0 0 
0 3 2 0 0 0 0 0 0 0 0 0 0 0 0 2 0 3 0 0 3 4 0 5 0 0 0 0 0 4 2 3 0 0 0 0 0 2 5 0 0 0 2 4 0 0 0 0 0 0 
5 -4 0 2 0 0 0 0 0 0 5 0 3 0 4 0 0 0 0 0 0 2 0 0 4 3 0 0 3 0 3 0 0 0 2 0 4 0 0 0 0 5 0 0 5 0 0 5 0 0 
0 0 0 0 4 5 2 0 0 0 0 0 0 5 0 0 2 0 0 0 0 0 3 0 5 3 2 4 4 0 0 0 0 2 5 0 0 0 0 0 0 2 2 5 0 0 0 0 0 0 
5 0 0 0 3 0 0 4 0 0 0 0 0 0 0 5 3 4 0 4 5 0 0 0 0 0 0 0 0 2 0 0 2 3 5 4 3 0 0 0 4 4 3 0 0 0 0 4 0 2 
-4 5 0 0 0 0 0 0 0 3 0 3 0 3 0 2 0 0 0 5 3 0 0 2 0 2 0 0 0 3 0 0 2 5 0 0 5 0 3 0 4 0 0 0 0 0 0 2 3 0 
0 0 0 4 0 2 0 0 0 4 2 0 0 0 0 0 0 0 3 0 0 0 5 0 0 5 4 0 0 0 4 0 0 0 0 3 2 0 0 0 0 0 0 5 0 4 0 5 0 0 
0 2 0 0 0 4 0 0 0 0 5 0 0 5 0 0 0 3 0 5 0 3 0 0 0 3 0 5 4 2 0 4 0 2 4 0 0 0 0 4 0 0 5 0 0 5 2 0 5 4 
0 0 0 -5 0 0 0 4 0 2 3 0 5 0 0 0 0 0 0 0 0 0 2 3 0 0 0 0 0 0 2 0 0 0 0 0 0 4 4 0 0 0 0 0 0 5 0 0 0 0 
0 0 0 0 0 0 0 0 0 4 0 0 5 4 0 0 0 0 0 0 3 0 0 3 0 0 4 0 0 3 0 0 0 4 0 3 2 0 2 0 0 0 0 0 0 0 0 2 2 0 
5 0 0 0 0 4 5 0 0 0 0 0 0 0 4 0 0 0 3 4 0 3 0 0 0 2 5 0 3 0 0 0 3 0 0 0 0 0 0 0 0 0 0 4 0 0 0 0 0 0 
2 0 0 5 0 0 0 2 5 4 0 0 0 2 4 2 3 3 0 0 0 2 5 0 0 0 0 0 0 0 3 0 0 3 0 0 0 0 5 0 5 0 0 2 0 0 0 5 0 0 

